

Date et heure;Amp_sr850_2(?V);Pha_sr850_2(?);Freq_sr850(Hz)_2;Amp_sr850(?V);Pha_sr850(?);Freq_sr850(Hz);Freq_hp33120(Hz);Freq_0(Hz);DeltaFreq(Hz);Ampl_5210_daq(?V);Pha_5210_daq(?V);X_727(?m);Y_727(?m);Z_727(?m);Temps ?tude(s);

Z ==> 5,5:0,001:12
Monter après contact ==> 500
Point de scan après sortir ==> 2000
Temps d'attendre ==> 30
Nombre acquis ==> 1
RF ==> 31842,8036
seuil de Fréquence ==> 0,300


Data
27/09/2017 23:02:14;;864.271;135.456;56.9973;220.419;36.156;56.9992;31842.7937;31842.7615;0.0321999999978289;6.24607425156104;0.301492083468474;149.9983063;149.999649;5.519330025;2;
27/09/2017 23:02:16;;864.271;135.426;56.9973;220.449;36.18;56.9992;31842.7171;31842.7615;-0.0443999999988591;6.42693795220016;0.00534415058791637;150.0006866;150.0029297;5.540003777;4;
27/09/2017 23:02:18;;864.152;135.45;56.9973;220.449;36.168;56.9992;31842.7518;31842.7615;-0.00970000000233995;6.53677152796675;0.307298905681819;150.0002747;149.9989624;5.55910778;6;
27/09/2017 23:02:19;;864.033;135.438;56.9973;220.747;36.276;56.9992;31842.7705;31842.7615;0.00899999999819556;6.20464001770612;-0.244349204585887;150.0036774;150.0028381;5.580012321;8;
27/09/2017 23:02:21;;864.271;135.444;56.9973;220.806;36.228;56.9992;31842.7348;31842.7615;-0.0267000000021653;6.40819389748617;0.0982533060014248;150.0010071;150.0018921;5.599410534;10;
27/09/2017 23:02:23;;864.152;135.426;56.9973;220.926;36.252;56.9992;31842.7177;31842.7615;-0.0437999999994645;6.27040864218639;0.313105727895163;150.0005035;150.0007935;5.619461536;12;
27/09/2017 23:02:25;;864.39;135.42;56.9973;220.657;36.21;56.9992;31842.778;31842.7615;0.0164999999979045;6.48908928871883;-0.0527240715455264;150.0029755;150.0068512;5.64040184;13;
27/09/2017 23:02:27;;864.39;135.414;56.9973;220.628;36.18;56.9992;31842.7531;31842.7615;-0.00839999999880092;6.41312654350033;-0.0759513603989035;149.9968567;149.9957733;5.660018921;15;
27/09/2017 23:02:29;;864.39;135.426;56.9973;220.717;36.258;56.9992;31842.7653;31842.7615;0.00379999999859137;6.43746093011729;0.040185083867982;150.0013733;150.0004578;5.68038559;17;
27/09/2017 23:02:31;;864.509;135.432;56.9973;220.568;36.186;56.9992;31842.7702;31842.7615;0.00869999999849824;6.3825441377962;-0.000462671625427902;149.9993591;149.9994507;5.700540543;19;
27/09/2017 23:02:32;;864.39;135.42;56.9973;220.747;36.234;56.9992;31842.7601;31842.7615;-0.00140000000101281;6.48876044568012;0.185355639201589;150.0004272;150.00177;5.719371796;21;
27/09/2017 23:02:34;;863.913;135.438;56.9973;220.508;36.174;56.9992;31842.7423;31842.7615;-0.0191999999988184;6.34670024170595;0.104060128214769;150.0005646;149.9990845;5.740357399;23;
27/09/2017 23:02:36;;864.39;135.456;56.9973;220.777;36.222;56.9992;31842.7712;31842.7615;0.00969999999870197;6.33847916443918;-0.372099293279462;150.0025482;150.0012207;5.760418415;24;
27/09/2017 23:02:38;;864.152;135.444;56.9973;220.985;36.288;56.9992;31842.7731;31842.7615;0.0115999999979977;6.56044822504293;0.127287417068146;150.0024109;150.0021667;5.779310226;26;
27/09/2017 23:02:40;;864.152;135.438;56.9973;221.373;36.306;56.9992;31842.7404;31842.7615;-0.0211000000017521;6.15695776274011;-0.238542382372543;150.0020142;150.0007935;5.799694538;28;
27/09/2017 23:02:42;;864.39;135.42;56.9973;221.015;36.282;56.9992;31842.7936;31842.7615;0.0321000000003551;6.46607027570537;0.179548816988245;149.9991302;149.9979095;5.820475578;30;
27/09/2017 23:02:43;;864.39;135.438;56.9973;220.538;36.192;56.9992;31842.7664;31842.7615;0.00489999999990687;6.35755206359528;0.104060128214769;150.0015564;150.0019684;5.840538502;32;
27/09/2017 23:02:45;;864.152;135.432;56.9973;220.926;36.264;56.9992;31842.7868;31842.7615;0.0253000000011525;6.37202115926315;-0.284996960079297;149.9999084;149.9997864;5.860468388;34;
27/09/2017 23:02:47;;864.39;135.426;56.9973;221.015;36.27;56.9992;31842.7606;31842.7615;-0.00089999999909196;6.42463605076459;-0.255962849012576;149.9984131;150.0002441;5.880031109;35;
27/09/2017 23:02:49;;864.271;135.426;56.9973;220.985;36.276;56.9992;31842.7804;31842.7615;0.0188999999991211;6.41838803255323;-0.197894626879133;150.0019531;150.003006;5.900105;37;
27/09/2017 23:02:50;;863.913;135.45;56.9973;220.628;36.204;56.9992;31842.7315;31842.7615;-0.0299999999988358;6.28783732703912;0.121480594854802;149.9995117;149.9966888;5.919596195;39;
27/09/2017 23:02:52;;864.39;135.444;56.9973;220.389;36.174;56.9992;31842.7772;31842.7615;0.0156999999999243;6.36380008220519;0.324719372321852;149.997345;149.9981995;5.939321518;41;
27/09/2017 23:02:54;;864.152;135.426;56.9973;221.075;36.306;56.9992;31842.7768;31842.7615;0.0152999999991152;6.26909326973355;0.243423861335032;149.997879;149.9970551;5.959937572;43;
27/09/2017 23:02:56;;864.152;135.426;56.9973;221.015;36.258;56.9992;31842.7628;31842.7615;0.00129999999990105;6.23423589917862;0.0982533060014248;150.0016785;149.9993896;5.979981899;44;
27/09/2017 23:02:58;;864.271;135.432;56.9973;220.717;36.222;56.9992;31842.7471;31842.7615;-0.0144000000000233;6.28389120973814;-0.0991786492522806;150.0034027;150.0009766;5.999495506;46;
27/09/2017 23:02:59;;864.509;135.444;56.9973;221.283;36.306;56.9992;31842.7462;31842.7615;-0.0152999999991152;6.39865744845175;0.0924464837880805;150.0032349;150.0019684;6.020209789;48;
27/09/2017 23:03:01;;863.913;135.426;56.9973;221.611;36.306;56.9992;31842.788;31842.7615;0.0264999999999418;6.28652195460704;-0.238542382372543;150.0048828;150.003891;6.039880276;50;
27/09/2017 23:03:03;;864.271;135.426;56.9973;221.73;36.324;56.9992;31842.7705;31842.7615;0.00899999999819556;6.31776204943417;-0.38371293770615;150.0019226;150.0057068;6.060426712;51;
27/09/2017 23:03:05;;864.271;135.432;56.9973;221.581;36.312;56.9992;31842.7401;31842.7615;-0.0214000000014494;6.36906157153022;-0.238542382372543;149.9988098;149.997406;6.080408573;53;
27/09/2017 23:03:07;;864.152;135.444;56.9973;221.641;36.336;56.9992;31842.7474;31842.7615;-0.014100000000326;6.39010752854595;-0.250156026799232;150.0008392;150.0012665;6.099111557;55;
27/09/2017 23:03:08;;864.271;135.432;56.9973;221.492;36.33;56.9992;31842.7531;31842.7615;-0.00839999999880092;6.55880400999088;0.516344505362213;149.9967041;149.9977417;6.120661259;57;
27/09/2017 23:03:10;;864.271;135.432;56.9973;221.343;36.252;56.9992;31842.756;31842.7615;-0.00549999999930151;6.48810275960232;0.127287417068146;149.9970245;149.9976654;6.140013218;58;
27/09/2017 23:03:12;;864.033;135.438;56.9973;220.777;36.246;56.9992;31842.7789;31842.7615;0.0174000000006345;6.29507187538706;-0.128212760319002;149.997345;149.9976654;6.160173416;60;
27/09/2017 23:03:14;;864.271;135.408;56.9973;220.598;36.186;56.9992;31842.7444;31842.7615;-0.0171000000009371;6.59793632729209;-0.0527240715455264;149.9971924;149.9997864;6.179553032;62;
27/09/2017 23:03:15;;864.271;135.42;56.9973;220.479;36.15;56.9992;31842.7624;31842.7615;0.00089999999909196;6.4456820065298;0.423435349948704;150.0038757;150.0034943;6.200522423;64;
27/09/2017 23:03:17;;864.033;135.426;56.9973;220.836;36.252;56.9992;31842.7377;31842.7615;-0.0237999999990279;6.26580483859469;0.29568526125513;150.0019531;150.0011292;6.220119476;66;
27/09/2017 23:03:19;;864.39;135.408;56.9973;220.628;36.204;56.9992;31842.7867;31842.7615;0.0252000000000407;6.11618121230438;0.0343782616546378;150.0029297;150.0018005;6.240109921;68;
27/09/2017 23:03:21;;864.271;135.426;56.9973;220.777;36.258;56.9992;31842.7827;31842.7615;0.0211999999992258;6.17241339040575;-0.0120763160521165;150.0025482;150.0009766;6.259766579;69;
27/09/2017 23:03:23;;864.271;135.438;56.9973;221.015;36.288;56.9992;31842.8034;31842.7615;0.0419000000001688;6.29211228743237;-0.22112191573251;150.002594;150.0028992;6.280694485;71;
27/09/2017 23:03:25;;864.271;135.456;56.9973;221.015;36.264;56.9992;31842.7978;31842.7615;0.0362999999997555;6.25791260382225;-0.226928737945855;149.997879;150.0009918;6.299408436;73;
27/09/2017 23:03:26;;864.271;135.45;56.9973;220.747;36.216;56.9992;31842.787;31842.7615;0.0254999999997381;6.2930988167515;-0.0643377159722149;150.0023193;150.0003967;6.319863319;75;
27/09/2017 23:03:28;;864.629;136.314;56.9973;217.081;37.47;56.9992;31842.8113;31842.7615;0.0498000000006869;5.74689031382609;-0.00626949383877218;149.9991455;149.9993286;6.340939045;76;
27/09/2017 23:03:30;;872.735;142.674;56.9973;183.613;50.478;56.9992;31842.7011;31842.7615;-0.0604000000021188;5.69197349742158;-0.0585308937588707;149.998291;149.9947968;6.360457897;78;
27/09/2017 23:03:32;;849.966;149.388;56.9973;159.652;56.538;56.9992;31842.6512;31842.7615;-0.110300000000279;5.70611375559305;0.0634123727213591;150.0025177;149.999649;6.379593849;80;
27/09/2017 23:03:33;;819.21;152.226;56.9973;145.555;58.8;56.9992;31842.5653;31842.7615;-0.196200000002136;5.90407736456975;-0.023689960478805;149.9990845;150.000061;6.399431705;82;
27/09/2017 23:03:35;;777.844;153.93;56.9973;140.519;59.112;56.9992;31842.3149;31842.7615;-0.446599999999307;6.0694854837675;0.13309423928149;150.0006104;150.0014648;6.419499874;83;
27/09/2017 23:03:35;;727.896;150.672;56.9973;135.423;57.942;56.9992;31842.3363;31842.7615;-0.425200000001496;6.18622480220649;0.435048994375393;150.0024414;150.00177;6.425854206;84;
27/09/2017 23:03:36;;716.809;150.444;56.9973;129.79;55.464;56.9992;31842.3444;31842.7615;-0.417099999998754;6.25922797628815;0.208582928054966;150.0009613;150.0019379;6.430390358;84;
27/09/2017 23:03:37;;713.591;150.444;56.9973;126.124;53.592;56.9992;31842.3539;31842.7615;-0.407600000002276;6.25330880017965;0.156321528134868;150.0004425;150.000824;6.43526268;85;
27/09/2017 23:03:37;;712.16;150.516;56.9973;124.098;52.686;56.9992;31842.3586;31842.7615;-0.402900000000955;6.20727076275519;0.342139838961884;149.9996033;150.0004272;6.439668655;85;
27/09/2017 23:03:38;;710.61;150.618;56.9973;123.144;52.35;56.9992;31842.3777;31842.7615;-0.38379999999961;6.21154572344788;-0.168860515812412;149.9954834;149.9996948;6.444311142;86;
27/09/2017 23:03:38;;709.18;150.714;56.9973;122.071;52.404;56.9992;31842.3234;31842.7615;-0.438099999999395;6.41378422963357;-0.000462671625427902;149.9956055;149.9957123;6.449566364;86;
27/09/2017 23:03:39;;707.749;150.774;56.9973;120.968;52.59;56.9992;31842.3613;31842.7615;-0.400200000000041;6.44403779125332;-0.0991786492522806;150.0005035;149.9968567;6.455306053;87;
27/09/2017 23:03:39;;706.319;150.834;56.9973;120.223;52.662;56.9992;31842.3276;31842.7615;-0.433899999999994;6.51177945808118;0.0227646172279492;150.0006561;150.0003052;6.459733963;87;
27/09/2017 23:03:40;;705.127;150.924;56.9973;119.597;52.698;56.9992;31842.3562;31842.7615;-0.405300000002171;6.13656948767315;0.0982533060014248;149.9992828;150.0025177;6.465140343;88;
27/09/2017 23:03:40;;703.935;150.984;56.9973;119.061;52.722;56.9992;31842.3245;31842.7615;-0.437000000001717;6.40359009451612;0.0982533060014248;149.9970245;149.9958954;6.470777988;88;
27/09/2017 23:03:41;;703.339;151.032;56.9973;118.554;52.686;56.9992;31842.3263;31842.7615;-0.435199999999895;6.38879215624593;0.266651150188409;149.9959106;149.9972839;6.474945545;89;
27/09/2017 23:03:41;;702.504;151.098;56.9973;118.226;52.662;56.9992;31842.3271;31842.7615;-0.434400000001915;6.36643082687123;0.266651150188409;149.9989166;150.0006714;6.479443073;89;
27/09/2017 23:03:42;;702.385;151.092;56.9973;117.898;52.746;56.9992;31842.2935;31842.7615;-0.468000000000757;6.32170816660995;0.278264794615097;150.0003662;150.001358;6.485351563;90;
27/09/2017 23:03:42;;701.789;151.134;56.9973;117.6;52.878;56.9992;31842.2916;31842.7615;-0.469900000000052;6.23193399731259;0.243423861335032;149.9990845;149.9981079;6.490576744;90;
27/09/2017 23:03:42;;701.312;151.17;56.9973;117.183;53.076;56.9992;31842.3056;31842.7615;-0.455900000000838;6.22173986042357;-0.26176967122592;149.9994659;149.999176;6.495479584;91;
27/09/2017 23:03:43;;700.716;151.2;56.9973;116.766;53.052;56.9992;31842.3326;31842.7615;-0.428899999998976;6.32368122519223;0.1737419947749;150.0010681;149.9999084;6.500720501;91;
27/09/2017 23:03:44;;700.239;151.212;56.9973;116.438;52.974;56.9992;31842.2991;31842.7615;-0.462400000000343;6.0921756619011;0.104060128214769;149.9956055;149.9973602;6.504609585;92;
27/09/2017 23:03:44;;699.881;151.242;56.9973;116.081;52.902;56.9992;31842.3061;31842.7615;-0.455399999998917;6.3437406538976;-0.0933718270389363;149.9995728;150.0006409;6.510389328;92;
27/09/2017 23:03:45;;699.524;151.266;56.9973;115.991;52.89;56.9992;31842.3044;31842.7615;-0.457099999999627;6.10664476082165;-0.104985471465625;149.9991913;149.998764;6.514570713;93;
27/09/2017 23:03:45;;699.047;151.314;56.9973;116.021;52.914;56.9992;31842.2785;31842.7615;-0.483000000000175;6.28882385636213;0.21438975026831;150.0019073;149.9989471;6.519441128;94;
27/09/2017 23:03:46;;698.928;151.332;56.9973;116.021;52.932;56.9992;31842.2798;31842.7615;-0.481700000000274;6.3157889908407;0.0982533060014248;149.9983215;149.9998627;6.525027275;94;
27/09/2017 23:03:46;;698.451;151.332;56.9973;115.931;52.914;56.9992;31842.2553;31842.7615;-0.506199999999808;6.18260752770166;0.109866950428113;149.999054;149.9992676;6.5303092;95;
27/09/2017 23:03:47;;698.451;151.35;56.9973;115.782;52.884;56.9992;31842.2949;31842.7615;-0.466599999999744;6.29901799264734;-0.00626949383877218;150.0006714;150.0023499;6.534505367;95;
27/09/2017 23:03:47;;698.093;151.374;56.9973;115.782;52.902;56.9992;31842.2639;31842.7615;-0.497599999998783;6.44633969263955;-0.116599115892313;150.002533;150.0005188;6.540036201;96;
27/09/2017 23:03:48;;697.855;151.386;56.9973;115.872;52.914;56.9992;31842.2513;31842.7615;-0.510200000000623;6.43022638281234;-0.023689960478805;150.0007477;149.9999237;6.544516563;96;
27/09/2017 23:03:48;;697.736;151.404;56.9973;115.723;52.884;56.9992;31842.234;31842.7615;-0.527500000000146;6.22272638980373;-0.0817581826122478;150.0011292;149.999527;6.549448013;97;
27/09/2017 23:03:49;;697.378;151.422;56.9973;115.574;52.878;56.9992;31842.267;31842.7615;-0.494500000000698;6.18425174338695;-0.139826404745691;149.9983978;149.9984436;6.554606915;97;
27/09/2017 23:03:49;;697.378;151.422;56.9973;115.574;52.86;56.9992;31842.2557;31842.7615;-0.505799999998999;6.30954097193693;0.0982533060014248;150.0002899;150.0023499;6.559694767;98;
27/09/2017 23:03:50;;697.14;151.446;56.9973;115.574;52.872;56.9992;31842.2259;31842.7615;-0.535599999999249;6.3845171962584;-0.238542382372543;150.0015106;149.9999237;6.564363003;98;
27/09/2017 23:03:50;;697.02;151.446;56.9973;115.633;52.89;56.9992;31842.2502;31842.7615;-0.511300000001938;6.35163288803386;-0.244349204585887;149.999176;150.0023193;6.570262432;99;
27/09/2017 23:03:51;;696.901;151.434;56.9973;115.633;52.908;56.9992;31842.2364;31842.7615;-0.525099999998929;6.29375650296376;-0.174667338025756;150.0005035;150.0010376;6.575171471;99;
27/09/2017 23:03:51;;696.663;151.458;56.9973;115.663;52.914;56.9992;31842.2353;31842.7615;-0.526200000000244;6.21516299786845;0.144707883708179;149.9993896;150.0007782;6.580084801;100;
27/09/2017 23:03:52;;696.544;151.47;56.9973;115.663;52.938;56.9992;31842.2172;31842.7615;-0.544300000001385;6.34834445715128;-0.110792293678969;150.0015106;150.0011139;6.585669518;100;
27/09/2017 23:03:52;;696.663;151.494;56.9973;115.574;52.932;56.9992;31842.2162;31842.7615;-0.545300000001589;6.33749263516269;0.138901061494835;150.0005188;149.9998016;6.590666294;101;
27/09/2017 23:03:53;;696.544;151.47;56.9973;115.335;52.944;56.9992;31842.1992;31842.7615;-0.562300000001414;6.21910911540583;-0.0120763160521165;150.0018311;150.0021667;6.595044136;101;
27/09/2017 23:03:53;;696.424;151.482;56.9973;115.246;52.944;56.9992;31842.2161;31842.7615;-0.545399999999063;6.21483415473975;0.208582928054966;150.0041962;150.0037384;6.599193096;102;
27/09/2017 23:03:54;;696.544;151.488;56.9973;115.157;52.962;56.9992;31842.2186;31842.7615;-0.542900000000373;6.2917834443258;0.266651150188409;149.9997253;149.9980316;6.604465008;102;
27/09/2017 23:03:54;;696.424;151.536;56.9973;115.097;52.998;56.9992;31842.1892;31842.7615;-0.572299999999814;6.45324539676262;0.33633301674854;150.0009918;150.0018311;6.608335495;103;
27/09/2017 23:03:55;;695.948;151.548;56.9973;115.008;52.998;56.9992;31842.2141;31842.7615;-0.54739999999947;6.3141447753433;-0.0933718270389363;150.0016479;149.999527;6.61539793;103;
27/09/2017 23:03:55;;695.709;151.53;56.9973;114.978;52.992;56.9992;31842.189;31842.7615;-0.572500000002037;6.44338010514188;-0.122405938105658;150.0011139;150.0009155;6.619400024;104;
27/09/2017 23:03:56;;695.828;151.536;56.9973;114.918;52.956;56.9992;31842.2186;31842.7615;-0.542900000000373;6.18392290025006;0.324719372321852;150.0003967;149.9998322;6.624071121;104;
27/09/2017 23:03:56;;695.709;151.536;56.9973;114.918;52.962;56.9992;31842.2057;31842.7615;-0.555800000001909;6.37563843314675;0.040185083867982;149.9969482;149.9981079;6.629705906;105;
27/09/2017 23:03:57;;695.59;151.542;56.9973;114.859;52.968;56.9992;31842.2208;31842.7615;-0.54070000000138;6.19313050805063;-0.087565004825592;149.9989624;150.0013123;6.634596825;105;
27/09/2017 23:03:57;;695.113;151.566;56.9973;114.799;52.938;56.9992;31842.2188;31842.7615;-0.542700000001787;6.13854254656396;-0.139826404745691;149.9997253;149.9996948;6.640211105;106;
27/09/2017 23:03:58;;695.113;151.566;56.9973;114.71;52.92;56.9992;31842.222;31842.7615;-0.539499999998952;6.1970766256588;-0.139826404745691;150.0017548;150.0018768;6.644903183;106;
27/09/2017 23:03:58;;695.471;151.572;56.9973;114.71;52.92;56.9992;31842.2013;31842.7615;-0.560199999999895;6.30164873747947;-0.0120763160521165;149.9958344;149.9987335;6.650720596;107;
27/09/2017 23:03:59;;695.113;151.572;56.9973;114.65;52.944;56.9992;31842.1742;31842.7615;-0.587299999999232;6.38188645164124;0.0517987282946706;149.9992828;150.0030365;6.655172825;107;
27/09/2017 23:03:59;;695.113;151.566;56.9973;114.68;52.98;56.9992;31842.1726;31842.7615;-0.58889999999883;6.40424778065608;-0.337258359999396;149.999939;149.9991302;6.659914017;108;
27/09/2017 23:04:00;;695.232;151.578;56.9973;114.68;52.98;56.9992;31842.1906;31842.7615;-0.570899999998801;6.15893082160114;0.0459919060813263;150.000061;150.0008087;6.66495657;108;
27/09/2017 23:04:00;;695.113;151.572;56.9973;114.68;52.968;56.9992;31842.1965;31842.7615;-0.565000000002328;6.23259168356048;0.0866396615747362;149.999176;150.0004425;6.669446468;109;
27/09/2017 23:04:01;;695.113;151.572;56.9973;114.71;52.962;56.9992;31842.1644;31842.7615;-0.597099999999045;6.41378422963357;0.127287417068146;149.9973602;149.9977417;6.674793243;109;
27/09/2017 23:04:01;;694.994;151.59;56.9973;114.62;52.944;56.9992;31842.1795;31842.7615;-0.582000000002154;6.45258771065797;-0.0469172493321821;150.0018616;150.0007782;6.680718899;110;
27/09/2017 23:04:02;;694.875;151.584;56.9973;114.531;52.926;56.9992;31842.1676;31842.7615;-0.593899999999849;6.40391893758616;-0.0933718270389363;149.9998322;149.9978485;6.685153484;110;
27/09/2017 23:04:02;;694.994;151.602;56.9973;114.441;52.92;56.9992;31842.1953;31842.7615;-0.566200000001118;6.22634366419071;0.144707883708179;150.0001373;150.0032043;6.690049171;111;
27/09/2017 23:04:03;;694.875;151.596;56.9973;114.412;52.92;56.9992;31842.186;31842.7615;-0.57549999999901;6.29901799264734;0.202776105841622;149.997818;149.997467;6.695664406;111;
27/09/2017 23:04:03;;694.994;151.596;56.9973;114.382;52.92;56.9992;31842.1817;31842.7615;-0.579799999999523;6.36445776837236;0.156321528134868;150.0004425;150.0007935;6.70010519;112;
27/09/2017 23:04:04;;694.994;151.602;56.9973;114.322;52.914;56.9992;31842.164;31842.7615;-0.597499999999854;6.39569786080076;-0.000462671625427902;149.9991302;149.9983521;6.704725742;112;
27/09/2017 23:04:04;;694.755;151.62;56.9973;114.292;52.926;56.9992;31842.2067;31842.7615;-0.554800000001705;6.25396648641544;-0.209508271305822;149.9982452;149.9982605;6.709550858;113;
27/09/2017 23:04:05;;694.636;151.584;56.9973;114.292;52.92;56.9992;31842.1774;31842.7615;-0.584100000000035;6.25626838823774;0.150514705921523;149.9989929;149.9996796;6.714969635;113;
27/09/2017 23:04:05;;694.636;151.596;56.9973;114.233;52.89;56.9992;31842.1721;31842.7615;-0.589400000000751;6.26383177990675;0.278264794615097;150.002533;150.0031891;6.719360828;114;
27/09/2017 23:04:06;;694.875;151.602;56.9973;114.114;52.872;56.9992;31842.1548;31842.7615;-0.606700000000274;6.30395063920227;-0.226928737945855;149.9982758;150.0018005;6.724564552;114;
27/09/2017 23:04:06;;694.755;151.596;56.9973;114.054;52.926;56.9992;31842.2109;31842.7615;-0.550600000002305;6.23357821293164;-0.0294967826921493;149.9987793;150.0002289;6.730028152;115;
27/09/2017 23:04:07;;694.875;151.602;56.9973;114.054;52.908;56.9992;31842.1779;31842.7615;-0.583600000001752;6.10861781975428;-0.104985471465625;149.9990997;149.997406;6.734761715;115;
27/09/2017 23:04:07;;694.875;151.596;56.9973;114.084;52.848;56.9992;31842.1849;31842.7615;-0.576600000000326;6.37695380546473;0.0343782616546378;150.0020447;150.0021667;6.740603924;116;
27/09/2017 23:04:08;;694.517;151.584;56.9973;114.084;52.866;56.9992;31842.1785;31842.7615;-0.582999999998719;6.26909326973355;-0.168860515812412;149.9992828;149.9993744;6.74492836;116;
27/09/2017 23:04:08;;694.636;151.602;56.9973;113.905;53.004;56.9992;31842.1684;31842.7615;-0.593100000001868;6.16090388045923;-0.1804741602391;150.0007324;150.0024719;6.750555038;117;
27/09/2017 23:04:09;;694.398;151.596;56.9973;113.756;53.1;56.9992;31842.1549;31842.7615;-0.606599999999162;6.1270330363279;0.0169577950146049;149.997879;150.0013123;6.7554636;117;
27/09/2017 23:04:09;;694.517;151.614;56.9973;113.965;52.992;56.9992;31842.1342;31842.7615;-0.627300000000105;6.36906157153022;-0.000462671625427902;149.9981384;149.9981232;6.760015965;118;
27/09/2017 23:04:10;;694.636;151.62;56.9973;113.965;53.04;56.9992;31842.1582;31842.7615;-0.603299999998853;6.3207216373174;-0.000462671625427902;150.0004883;150.0015869;6.764921188;118;
27/09/2017 23:04:10;;694.755;151.62;56.9973;113.905;53.082;56.9992;31842.1668;31842.7615;-0.594700000001467;6.33617726279256;-0.197894626879133;149.9970551;150.0018768;6.770153522;119;
27/09/2017 23:04:11;;694.875;151.608;56.9973;114.173;52.998;56.9992;31842.1732;31842.7615;-0.588299999999435;6.12604650687467;-0.0527240715455264;149.9989166;149.997467;6.774238586;119;
27/09/2017 23:04:11;;694.398;151.614;56.9973;114.322;52.992;56.9992;31842.1289;31842.7615;-0.632600000000821;6.21483415473975;0.243423861335032;150.0018158;150.0011139;6.780595303;120;
27/09/2017 23:04:12;;694.517;151.596;56.9973;114.292;52.98;56.9992;31842.131;31842.7615;-0.630499999999302;6.49270656213627;0.0517987282946706;149.9985657;149.9996643;6.784895897;120;
27/09/2017 23:04:12;;694.755;151.614;56.9973;114.233;52.92;56.9992;31842.1493;31842.7615;-0.612199999999575;6.17635950807826;-0.145633226959035;149.9985962;149.9990692;6.790524483;121;
27/09/2017 23:04:13;;694.398;151.608;56.9973;114.292;52.902;56.9992;31842.1596;31842.7615;-0.601900000001478;6.31841973563117;0.121480594854802;149.9994202;150.0010681;6.795849323;121;
27/09/2017 23:04:13;;694.875;151.59;56.9973;114.233;52.884;56.9992;31842.1421;31842.7615;-0.619399999999587;6.33288883185982;0.167935172561556;149.9997559;149.9967651;6.800012112;122;
27/09/2017 23:04:14;;695.113;151.584;56.9973;114.203;52.902;56.9992;31842.1522;31842.7615;-0.609300000000076;6.41345538656701;0.144707883708179;150.0004425;150.0007019;6.804433346;122;
27/09/2017 23:04:14;;695.113;151.596;56.9973;114.203;52.962;56.9992;31842.1312;31842.7615;-0.630300000000716;6.4108246420303;-0.0991786492522806;149.9983521;149.9991608;6.810049534;123;
27/09/2017 23:04:15;;694.994;151.614;56.9973;114.143;52.956;56.9992;31842.159;31842.7615;-0.602500000000873;6.36084049444752;-0.139826404745691;149.9982605;149.9998932;6.815101147;123;
27/09/2017 23:04:15;;694.875;151.596;56.9973;114.173;52.896;56.9992;31842.1596;31842.7615;-0.601900000001478;6.07935077864962;-0.0178831382654607;150.000824;150.0010681;6.820119858;124;
27/09/2017 23:04:16;;694.875;151.584;56.9973;114.173;52.884;56.9992;31842.1681;31842.7615;-0.593400000001566;6.31381593224351;0.040185083867982;149.9980621;149.9996185;6.824097633;124;
27/09/2017 23:04:16;;694.994;151.59;56.9973;113.935;53.046;56.9992;31842.1748;31842.7615;-0.586699999999837;6.20825729214714;-0.203701449092478;150.0023346;150.0027924;6.830338955;125;
27/09/2017 23:04:17;;694.994;151.584;56.9973;113.845;53.106;56.9992;31842.1492;31842.7615;-0.612300000000687;6.18589595907011;-0.337258359999396;150.0020752;150.0010681;6.83481884;125;
27/09/2017 23:04:18;;694.04;151.68;56.9973;113.845;53.208;56.9992;31842.1616;31842.7615;-0.599900000001071;6.26514715236576;-0.226928737945855;149.998703;149.9975586;6.839943886;126;
27/09/2017 23:04:18;;693.444;151.698;56.9973;113.667;53.286;56.9992;31842.1583;31842.7615;-0.60320000000138;6.32729849925001;0.0982533060014248;150.0010223;150.000412;6.84507513;126;
27/09/2017 23:04:19;;693.325;151.722;56.9973;113.398;53.388;56.9992;31842.1594;31842.7615;-0.602100000000064;6.12177154590266;0.13309423928149;149.9980469;149.9980469;6.850176811;127;
27/09/2017 23:04:19;;693.206;151.722;56.9973;113.19;53.43;56.9992;31842.1546;31842.7615;-0.606899999998859;6.19280166491605;0.150514705921523;149.9994965;149.9982758;6.854882717;128;
27/09/2017 23:04:20;;693.206;151.734;56.9973;113.011;53.436;56.9992;31842.1623;31842.7615;-0.599200000000565;6.36380008220519;-0.023689960478805;150.0036316;150.0046387;6.860561848;128;
27/09/2017 23:04:20;;693.206;151.71;56.9973;113.011;53.442;56.9992;31842.1286;31842.7615;-0.632900000000518;6.46015110083192;-0.0991786492522806;149.9995728;150.0010986;6.864647865;129;
27/09/2017 23:04:21;;693.087;151.722;56.9973;112.981;53.484;56.9992;31842.1416;31842.7615;-0.619900000001508;6.26909326973355;-0.1804741602391;150.0023956;150.0027161;6.869691372;129;
27/09/2017 23:04:21;;693.206;151.722;56.9973;112.951;53.55;56.9992;31842.1215;31842.7615;-0.639999999999418;6.32927155782164;-0.0933718270389363;150.0035706;150.0045776;6.874745846;130;
27/09/2017 23:04:22;;693.087;151.722;56.9973;113.07;53.538;56.9992;31842.1587;31842.7615;-0.60280000000057;6.18688248847899;-0.0527240715455264;149.9994202;149.9988098;6.879116535;130;
27/09/2017 23:04:22;;693.087;151.74;56.9973;113.219;53.484;56.9992;31842.1328;31842.7615;-0.628700000001118;6.21055919405859;0.179548816988245;149.999588;150.0001678;6.88462162;131;
27/09/2017 23:04:23;;692.848;151.74;56.9973;113.309;53.46;56.9992;31842.1221;31842.7615;-0.639400000000023;6.44633969263955;-0.0701445381855592;149.9997864;149.9988403;6.8893013;131;
27/09/2017 23:04:23;;692.848;151.722;56.9973;113.249;53.466;56.9992;31842.1161;31842.7615;-0.645400000001246;6.35919627902276;-0.128212760319002;149.9986877;149.9993286;6.894949913;132;
27/09/2017 23:04:24;;692.967;151.722;56.9973;113.309;53.46;56.9992;31842.1503;31842.7615;-0.611199999999371;6.26185872121536;0.080832839361392;149.9995422;149.998642;6.899508476;132;
27/09/2017 23:04:24;;693.087;151.74;56.9973;113.398;53.4;56.9992;31842.1409;31842.7615;-0.620600000002014;6.30526601161307;0.0924464837880805;150.0009003;150.0006104;6.904960155;133;
27/09/2017 23:04:25;;693.087;151.752;56.9973;113.398;53.406;56.9992;31842.135;31842.7615;-0.626500000002125;6.36314239603759;0.109866950428113;149.9970093;149.9999847;6.910065651;133;
27/09/2017 23:04:25;;693.087;151.716;56.9973;113.428;53.436;56.9992;31842.1477;31842.7615;-0.613799999999173;6.36610198378836;0.394401238881983;149.9963226;149.9970398;6.914927959;134;
27/09/2017 23:04:26;;693.206;151.716;56.9973;113.428;53.418;56.9992;31842.1341;31842.7615;-0.627400000001217;6.32795618544097;0.115673772641458;150.0003662;150.0015869;6.920053959;134;


27/09/2017 23:04:26;;693.087;151.728;56.9973;113.369;53.316;56.9992;31842.14;31842.7615;-0.621500000001106;6.26679136793736;-0.145633226959035;149.9992371;149.9989777;6.914954662;135;
27/09/2017 23:04:27;;693.087;151.722;56.9973;113.339;53.31;56.9992;31842.1657;31842.7615;-0.595799999999144;6.11091972183895;0.0634123727213591;149.9977112;149.9993439;6.909773827;135;
27/09/2017 23:04:27;;692.848;151.746;56.9973;113.249;53.352;56.9992;31842.1389;31842.7615;-0.622599999998783;6.31282940294353;0.144707883708179;149.9996338;149.9990234;6.905969143;136;
27/09/2017 23:04:28;;692.729;151.758;56.9973;113.041;53.358;56.9992;31842.1355;31842.7615;-0.626000000000204;6.43713208705922;0.0576055505080149;150.0004578;150.0027466;6.900815487;136;
27/09/2017 23:04:28;;692.61;151.758;56.9973;112.921;53.37;56.9992;31842.1154;31842.7615;-0.646100000001752;6.42496489382717;0.0111509728012607;150.0017853;150.0019989;6.894916058;137;
27/09/2017 23:04:29;;692.371;151.752;56.9973;112.951;53.424;56.9992;31842.1214;31842.7615;-0.64010000000053;6.30625254092011;-0.0759513603989035;149.9992371;149.9985657;6.890577793;137;
27/09/2017 23:04:29;;692.61;151.776;56.9973;113.041;53.466;56.9992;31842.1175;31842.7615;-0.644000000000233;6.30230642368649;0.138901061494835;149.9986572;149.9983215;6.884464264;138;
27/09/2017 23:04:30;;692.49;151.782;56.9973;113.1;53.49;56.9992;31842.1291;31842.7615;-0.632400000002235;6.22700135044171;0.226003394694999;150.000412;149.999054;6.880328178;138;
27/09/2017 23:04:30;;692.49;151.776;56.9973;113.1;53.514;56.9992;31842.1192;31842.7615;-0.642299999999523;6.32565428377077;-0.0817581826122478;149.9958496;149.9962463;6.874896049;139;
27/09/2017 23:04:31;;692.133;151.8;56.9973;113.1;53.532;56.9992;31842.1532;31842.7615;-0.608299999999872;6.3141447753433;-0.110792293678969;149.9988403;149.9994049;6.87012434;139;
27/09/2017 23:04:31;;692.133;151.8;56.9973;113.1;53.526;56.9992;31842.1639;31842.7615;-0.597600000000966;6.208914978408;-0.134019582532346;149.9989014;149.9971619;6.864588261;140;
27/09/2017 23:04:32;;692.133;151.812;56.9973;112.951;53.496;56.9992;31842.1611;31842.7615;-0.600399999999354;6.25462417265086;0.353753483388573;150.0008698;149.9992218;6.860033989;140;
27/09/2017 23:04:32;;692.133;151.83;56.9973;112.683;53.472;56.9992;31842.1343;31842.7615;-0.627199999998993;6.35327710347111;0.0634123727213591;149.9998322;150.000351;6.854929924;141;
27/09/2017 23:04:33;;692.014;151.836;56.9973;112.534;53.46;56.9992;31842.1356;31842.7615;-0.625899999999092;6.35229057420909;0.0517987282946706;149.9992065;149.9995422;6.849645615;141;
27/09/2017 23:04:33;;691.656;151.83;56.9973;112.504;53.502;56.9992;31842.1423;31842.7615;-0.619200000001001;6.17734603749451;0.144707883708179;150.0010071;150.0023041;6.845175743;142;
27/09/2017 23:04:34;;691.656;151.824;56.9973;112.474;53.598;56.9992;31842.159;31842.7615;-0.602500000000873;6.16320578245662;-0.0294967826921493;150.0000763;150.0014801;6.840267181;142;
27/09/2017 23:04:34;;691.775;151.854;56.9973;112.355;53.622;56.9992;31842.1363;31842.7615;-0.625200000002224;6.19872084132519;-0.0759513603989035;150.0010223;149.9986267;6.834927559;143;
27/09/2017 23:04:35;;691.418;151.854;56.9973;112.206;53.676;56.9992;31842.1334;31842.7615;-0.628100000001723;6.3207216373174;-0.128212760319002;150.0010071;150.0028534;6.830234051;143;
27/09/2017 23:04:35;;691.656;151.842;56.9973;112.176;53.694;56.9992;31842.1148;31842.7615;-0.646700000001147;6.3157889908407;-0.395326582132839;150.00177;150.000412;6.824541092;144;
27/09/2017 23:04:36;;691.537;151.848;56.9973;112.117;53.688;56.9992;31842.1325;31842.7615;-0.629000000000815;6.27928740620239;-0.122405938105658;150.002121;149.9993896;6.820095539;144;
27/09/2017 23:04:36;;691.537;151.86;56.9973;112.147;53.706;56.9992;31842.1255;31842.7615;-0.636000000002241;6.32170816660995;-0.192087804665789;150.0028992;150.0034943;6.814646721;145;
27/09/2017 23:04:37;;691.418;151.854;56.9973;112.176;53.706;56.9992;31842.1664;31842.7615;-0.595100000002276;6.28849501325456;0.289878439041786;150.0023651;150.0021515;6.810645103;145;
27/09/2017 23:04:37;;691.06;151.866;56.9973;112.206;53.694;56.9992;31842.1259;31842.7615;-0.635600000001432;6.33650610588525;-0.0411104271188378;150.0007324;150.0018921;6.805405617;146;
27/09/2017 23:04:38;;691.06;151.878;56.9973;112.176;53.682;56.9992;31842.1457;31842.7615;-0.615799999999581;6.27336823019961;-0.128212760319002;150.0013733;150.0005798;6.799154758;146;
27/09/2017 23:04:38;;690.941;151.866;56.9973;112.206;53.682;56.9992;31842.1604;31842.7615;-0.60109999999986;6.25857029005539;-0.279190137865953;150.0002594;150.002182;6.794519424;147;
27/09/2017 23:04:39;;691.06;151.902;56.9973;112.176;53.682;56.9992;31842.168;31842.7615;-0.59349999999904;6.37136347310105;0.127287417068146;150.0031433;150.0013123;6.790760994;147;
27/09/2017 23:04:39;;691.06;151.92;56.9973;112.147;53.676;56.9992;31842.1499;31842.7615;-0.61160000000018;6.18260752770166;0.0227646172279492;149.9980164;149.9998932;6.785560131;148;
27/09/2017 23:04:40;;690.822;151.92;56.9973;112.087;53.688;56.9992;31842.1669;31842.7615;-0.594600000000355;6.31217171674303;0.121480594854802;149.9975433;149.9993896;6.780281544;148;
27/09/2017 23:04:40;;690.822;151.932;56.9973;112.087;53.706;56.9992;31842.1849;31842.7615;-0.576600000000326;6.14314635063147;-0.174667338025756;149.9940948;149.9964294;6.77444315;149;
27/09/2017 23:04:41;;690.822;151.92;56.9973;112.087;53.706;56.9992;31842.1674;31842.7615;-0.594100000002072;6.3473579278844;-0.157246871385723;150.0011902;149.9993896;6.769841671;149;
27/09/2017 23:04:41;;690.941;151.932;56.9973;112.057;53.694;56.9992;31842.1453;31842.7615;-0.61620000000039;6.43417249953129;-0.0411104271188378;149.9995422;149.9985657;6.765448093;150;
27/09/2017 23:04:42;;690.702;151.95;56.9973;111.968;53.682;56.9992;31842.1249;31842.7615;-0.636600000001636;6.40753621134897;0.0866396615747362;149.9992371;150.0003662;6.759700298;150;
27/09/2017 23:04:42;;690.464;151.938;56.9973;111.849;53.7;56.9992;31842.1453;31842.7615;-0.61620000000039;6.30723907022623;0.0111509728012607;150.0004272;149.9996643;6.755382538;151;
27/09/2017 23:04:43;;690.583;151.926;56.9973;111.789;53.7;56.9992;31842.1261;31842.7615;-0.635399999999208;6.24475887908005;0.226003394694999;150.0020905;150.0021515;6.749462128;151;
27/09/2017 23:04:43;;690.345;151.944;56.9973;111.729;53.724;56.9992;31842.144;31842.7615;-0.617500000000291;6.14676362524503;0.13309423928149;150.0010529;150.0009155;6.744634628;152;
27/09/2017 23:04:44;;690.345;151.938;56.9973;111.729;53.718;56.9992;31842.1412;31842.7615;-0.620300000002317;6.22042448791542;0.25503750576172;149.9993134;149.998764;6.739985466;152;
27/09/2017 23:04:44;;690.345;151.968;56.9973;111.789;53.7;56.9992;31842.1275;31842.7615;-0.634000000001834;6.16879611586205;0.121480594854802;150.0002594;149.9959412;6.734184742;152;
27/09/2017 23:04:45;;690.464;151.938;56.9973;111.819;53.712;56.9992;31842.1837;31842.7615;-0.577799999999115;6.42200530625971;0.109866950428113;149.9993286;149.9998474;6.729318619;153;
27/09/2017 23:04:45;;689.987;151.968;56.9973;111.819;53.712;56.9992;31842.1573;31842.7615;-0.604200000001583;6.31841973563117;0.307298905681819;149.9993439;149.998703;6.725337029;153;
27/09/2017 23:04:46;;690.345;151.98;56.9973;111.729;53.724;56.9992;31842.1814;31842.7615;-0.58009999999922;6.18688248847899;0.29568526125513;149.9965973;149.9994049;6.719202042;154;
27/09/2017 23:04:46;;690.106;151.962;56.9973;111.64;53.718;56.9992;31842.1724;31842.7615;-0.589100000001054;6.42923985362993;-0.134019582532346;150.0006104;149.9998779;6.715001583;154;
27/09/2017 23:04:47;;690.345;151.944;56.9973;111.491;53.736;56.9992;31842.1866;31842.7615;-0.574899999999616;6.41838803255323;0.0285714394412935;149.9985962;150.0001068;6.710051537;155;
27/09/2017 23:04:47;;689.868;151.986;56.9973;111.431;53.736;56.9992;31842.1679;31842.7615;-0.593600000000151;6.26679136793736;0.156321528134868;149.9996796;149.998764;6.704296112;155;
27/09/2017 23:04:48;;689.868;151.998;56.9973;111.431;53.736;56.9992;31842.1825;31842.7615;-0.579000000001543;6.39569786080076;-0.151440049172379;149.9992981;149.9973297;6.699775696;156;
27/09/2017 23:04:48;;689.868;151.98;56.9973;111.521;53.766;56.9992;31842.1441;31842.7615;-0.617399999999179;6.22502829168762;-0.134019582532346;149.9997559;150.0029297;6.695088387;156;
27/09/2017 23:04:49;;689.749;151.986;56.9973;111.58;53.784;56.9992;31842.1649;31842.7615;-0.596600000000763;6.14018676230414;-0.00626949383877218;150.0018921;149.999588;6.690142632;157;
27/09/2017 23:04:49;;689.868;151.992;56.9973;111.64;53.79;56.9992;31842.1911;31842.7615;-0.570400000000518;6.11289278076575;0.0750260171480477;150.0001373;149.999649;6.685315609;157;
27/09/2017 23:04:50;;689.749;151.974;56.9973;111.58;53.784;56.9992;31842.1587;31842.7615;-0.60280000000057;6.55124062070763;-0.023689960478805;150.0016174;149.9999847;6.680048466;158;
27/09/2017 23:04:50;;689.51;152.004;56.9973;111.402;53.778;56.9992;31842.1805;31842.7615;-0.58100000000195;6.37136347310105;-0.447587982052937;150.0037231;150.0029602;6.674395084;158;
27/09/2017 23:04:51;;689.629;151.98;56.9973;111.223;53.76;56.9992;31842.1585;31842.7615;-0.602999999999156;6.23719548728547;0.080832839361392;149.9998474;150.0014343;6.66952467;159;
27/09/2017 23:04:51;;689.629;151.986;56.9973;111.074;53.718;56.9992;31842.1678;31842.7615;-0.593700000001263;6.2470607809208;0.260844327975065;150.0001831;149.9975586;6.664676189;159;
27/09/2017 23:04:52;;690.106;151.938;56.9973;111.133;53.676;56.9992;31842.1629;31842.7615;-0.59860000000117;6.51046408596098;0.127287417068146;149.9993896;149.9988708;6.660707474;160;
27/09/2017 23:04:52;;690.702;151.938;56.9973;111.372;53.67;56.9992;31842.1977;31842.7615;-0.563799999999901;6.19411703745384;-0.134019582532346;150.0025024;150.0021973;6.654968262;160;
27/09/2017 23:04:53;;690.702;151.938;56.9973;111.58;53.676;56.9992;31842.1948;31842.7615;-0.5666999999994;6.38649025471655;0.243423861335032;150.0021515;150.0005951;6.649459362;161;
27/09/2017 23:04:53;;690.702;151.926;56.9973;111.759;53.688;56.9992;31842.1745;31842.7615;-0.586999999999534;6.55124062070763;0.278264794615097;149.9985352;150.0004272;6.644561768;161;
27/09/2017 23:04:54;;690.702;151.956;56.9973;111.789;53.694;56.9992;31842.187;31842.7615;-0.574499999998807;6.17899025318656;-0.401133404346183;150.0016174;150.0017395;6.639502525;162;
27/09/2017 23:04:54;;690.464;151.95;56.9973;111.789;53.712;56.9992;31842.1861;31842.7615;-0.575400000001537;6.15564239016446;0.0982533060014248;149.9976196;149.9970703;6.635237694;162;
27/09/2017 23:04:55;;690.345;151.926;56.9973;111.908;53.742;56.9992;31842.2051;31842.7615;-0.556400000001304;6.40819389748617;0.342139838961884;149.9974976;149.9994965;6.629692078;163;
27/09/2017 23:04:55;;690.464;151.938;56.9973;111.968;53.778;56.9992;31842.1667;31842.7615;-0.594799999998941;6.36116933753214;0.080832839361392;150.0004883;150.0013275;6.62443924;163;
27/09/2017 23:04:56;;690.464;151.938;56.9973;111.878;53.772;56.9992;31842.2193;31842.7615;-0.542199999999866;6.43483018564944;-0.0120763160521165;150.0020599;150.0000763;6.619662285;164;
27/09/2017 23:04:56;;690.583;151.944;56.9973;111.759;53.772;56.9992;31842.1871;31842.7615;-0.574400000001333;6.31710436323676;0.156321528134868;150.0011292;150.0014801;6.615261078;164;
27/09/2017 23:04:56;;690.345;151.944;56.9973;111.7;53.736;56.9992;31842.2369;31842.7615;-0.524600000000646;6.17274223354558;0.446662638802081;149.9976044;149.9979248;6.610293388;165;
27/09/2017 23:04:57;;690.345;151.95;56.9973;111.67;53.712;56.9992;31842.2239;31842.7615;-0.537599999999657;6.33650610588525;0.208582928054966;149.999939;150.0005798;6.605193138;165;
27/09/2017 23:04:58;;690.464;151.956;56.9973;111.729;53.688;56.9992;31842.2154;31842.7615;-0.546099999999569;6.29704493401901;0.202776105841622;149.9993134;150.0001221;6.600231171;166;
27/09/2017 23:04:58;;690.226;151.962;56.9973;111.64;53.724;56.9992;31842.1886;31842.7615;-0.572899999999208;6.45850688558223;-0.122405938105658;150.0003357;149.9997253;6.594192028;166;
27/09/2017 23:04:59;;690.226;151.938;56.9973;111.431;53.742;56.9992;31842.2127;31842.7615;-0.548800000000483;6.43022638281234;0.0227646172279492;149.9990997;149.999115;6.589621067;167;
27/09/2017 23:04:59;;690.345;151.956;56.9973;111.342;53.742;56.9992;31842.2413;31842.7615;-0.520199999999022;6.27073748529936;-0.360485648852773;150.0020447;150.0005188;6.585214615;168;
27/09/2017 23:05:00;;690.345;151.968;56.9973;111.312;53.718;56.9992;31842.2442;31842.7615;-0.517299999999523;6.34275412462622;0.167935172561556;150.0019531;150.0007324;6.579675674;168;
27/09/2017 23:05:00;;690.226;151.968;56.9973;111.431;53.724;56.9992;31842.2026;31842.7615;-0.558899999999994;6.52032937681169;-0.104985471465625;149.9987183;149.9990234;6.57499218;169;
27/09/2017 23:05:01;;690.345;151.962;56.9973;111.551;53.73;56.9992;31842.2246;31842.7615;-0.53689999999915;6.41214001429959;-0.203701449092478;149.9999084;150.0016174;6.569747925;169;
27/09/2017 23:05:01;;690.106;151.962;56.9973;111.551;53.73;56.9992;31842.2537;31842.7615;-0.507799999999406;6.2552818588859;-0.0527240715455264;150.0001373;150.0005493;6.564714909;169;
27/09/2017 23:05:02;;690.226;151.974;56.9973;111.67;53.724;56.9992;31842.2087;31842.7615;-0.552800000001298;6.50224301016281;-0.151440049172379;150.0002136;149.9998474;6.55970192;170;
27/09/2017 23:05:02;;690.226;151.962;56.9973;111.7;53.736;56.9992;31842.2275;31842.7615;-0.533999999999651;6.42562257995197;-0.0411104271188378;150.0016785;149.9983521;6.555198669;170;
27/09/2017 23:05:03;;690.345;151.956;56.9973;111.64;53.742;56.9992;31842.2169;31842.7615;-0.544600000001083;6.24245697723473;-0.389519759919494;150.0008087;150.0001831;6.550197601;171;
27/09/2017 23:05:03;;690.345;151.938;56.9973;111.58;53.736;56.9992;31842.2632;31842.7615;-0.49829999999929;6.15827313531445;0.21438975026831;149.9994354;149.997467;6.54496336;172;
27/09/2017 23:05:04;;690.583;151.98;56.9973;111.521;53.736;56.9992;31842.2405;31842.7615;-0.52100000000064;6.34867330024002;0.0924464837880805;150.0007935;149.9990692;6.539827824;172;
27/09/2017 23:05:04;;690.464;151.938;56.9973;111.61;53.772;56.9992;31842.238;31842.7615;-0.523499999999331;6.34275412462622;-0.215315093519166;150.0040283;150.0010376;6.53401947;173;
27/09/2017 23:05:05;;690.464;151.932;56.9973;111.849;53.808;56.9992;31842.2997;31842.7615;-0.461800000000949;6.09677946611849;-0.0933718270389363;149.9993744;149.998703;6.530535221;173;
27/09/2017 23:05:05;;690.583;151.962;56.9973;112.087;53.826;56.9992;31842.2559;31842.7615;-0.505600000000413;6.53348309776223;0.0517987282946706;150.0017395;149.9990234;6.52496624;173;
27/09/2017 23:05:06;;690.583;151.974;56.9973;112.117;53.826;56.9992;31842.2945;31842.7615;-0.467000000000553;6.34472718316801;0.342139838961884;150.0010529;149.9983978;6.519681931;174;
27/09/2017 23:05:06;;690.822;151.974;56.9973;112.176;53.79;56.9992;31842.2939;31842.7615;-0.467599999999948;6.22305523293028;-0.0817581826122478;150.0005188;149.9990692;6.514387608;174;
27/09/2017 23:05:07;;690.941;151.95;56.9973;112.176;53.79;56.9992;31842.2978;31842.7615;-0.463700000000244;6.29572956159811;0.156321528134868;150.0011749;150.0013885;6.509456635;175;
27/09/2017 23:05:07;;690.822;151.956;56.9973;112.206;53.832;56.9992;31842.2688;31842.7615;-0.492699999998877;6.43055522587291;-0.145633226959035;149.9986267;149.9992676;6.504505157;175;
27/09/2017 23:05:08;;690.941;151.944;56.9973;112.236;53.82;56.9992;31842.2831;31842.7615;-0.478399999999965;6.23390705605518;-0.360485648852773;150.0017395;150.0003815;6.500713825;176;
27/09/2017 23:05:08;;691.06;151.92;56.9973;112.325;53.796;56.9992;31842.3013;31842.7615;-0.46020000000135;6.25462417265086;0.29568526125513;150.0008087;149.9997101;6.494730473;176;
27/09/2017 23:05:09;;691.298;151.902;56.9973;112.415;53.79;56.9992;31842.2683;31842.7615;-0.493200000000797;6.42726679526191;-0.0759513603989035;149.9985657;150.001709;6.49024868;177;
27/09/2017 23:05:09;;691.179;151.908;56.9973;112.623;53.766;56.9992;31842.3086;31842.7615;-0.452900000000227;6.19609009625793;-0.0643377159722149;149.9977875;149.9998932;6.48550272;177;
27/09/2017 23:05:10;;691.298;151.896;56.9973;112.743;53.79;56.9992;31842.3259;31842.7615;-0.435600000000704;6.18655364534278;0.179548816988245;150.0017853;149.9988708;6.479599476;178;
27/09/2017 23:05:10;;691.298;151.914;56.9973;112.772;53.796;56.9992;31842.3177;31842.7615;-0.44380000000092;6.40128819302263;-0.273383315652609;149.9999237;149.9984741;6.474954128;178;
27/09/2017 23:05:11;;691.418;151.914;56.9973;112.772;53.796;56.9992;31842.3283;31842.7615;-0.433199999999488;6.40852274055459;-0.238542382372543;150.0018463;150.0015869;6.469358444;179;
27/09/2017 23:05:11;;691.537;151.896;56.9973;112.921;53.772;56.9992;31842.3498;31842.7615;-0.411700000000565;6.12473113426928;-0.209508271305822;150.0009766;149.9991608;6.464683533;179;
27/09/2017 23:05:12;;692.014;151.872;56.9973;112.981;53.73;56.9992;31842.3052;31842.7615;-0.456300000001647;6.39175174391842;0.0692191949347034;149.9993896;149.999054;6.460463524;180;
27/09/2017 23:05:12;;692.133;151.872;56.9973;113.011;53.706;56.9992;31842.3467;31842.7615;-0.414800000002288;6.40095934995167;-0.314031071146019;149.999176;149.9997101;6.455394268;180;
27/09/2017 23:05:13;;692.61;151.854;56.9973;113.13;53.676;56.9992;31842.3617;31842.7615;-0.399799999999232;6.24377234971833;-0.0701445381855592;149.9990082;149.9998169;6.449548244;181;
27/09/2017 23:05:13;;692.729;151.86;56.9973;113.279;53.628;56.9992;31842.3665;31842.7615;-0.395000000000437;6.3792557070169;0.150514705921523;150.001709;150.0018463;6.445344925;182;
27/09/2017 23:05:14;;693.087;151.83;56.9973;113.458;53.556;56.9992;31842.3702;31842.7615;-0.391299999999319;6.36511545453909;-0.22112191573251;149.9981689;149.9970398;6.440402985;182;
27/09/2017 23:05:14;;693.683;151.818;56.9973;113.637;53.538;56.9992;31842.3865;31842.7615;-0.375;6.18852670415874;-0.139826404745691;149.9987335;150.0002899;6.434675217;183;
27/09/2017 23:05:15;;694.279;151.812;56.9973;113.756;53.49;56.9992;31842.3961;31842.7615;-0.365399999998772;6.37859802085969;0.208582928054966;150.0011444;150.0026245;6.429780006;183;
27/09/2017 23:05:15;;694.875;151.788;56.9973;114.024;53.442;56.9992;31842.3973;31842.7615;-0.364199999999983;6.18655364534278;-0.110792293678969;150.0003815;150.0007629;6.424757004;183;
27/09/2017 23:05:16;;695.709;151.74;56.9973;114.62;53.31;56.9992;31842.4114;31842.7615;-0.350099999999657;6.27698550442729;0.144707883708179;149.9989319;149.9977417;6.420026779;184;
27/09/2017 23:05:16;;696.424;151.728;56.9973;114.918;53.268;56.9992;31842.4113;31842.7615;-0.350200000000768;6.37070578693851;-0.0585308937588707;149.9985962;149.9980621;6.414545536;184;
27/09/2017 23:05:17;;697.855;152.1;56.9973;115.484;53.862;56.9992;31842.5641;31842.7615;-0.197400000000926;6.08625648502933;-0.685667692800052;150.0000153;150.0007019;6.409359932;185;
27/09/2017 23:05:17;;765.447;155.694;56.9973;121.624;57.96;56.9992;31842.5521;31842.7615;-0.209399999999732;5.98497278851304;-0.389519759919494;150.0006104;149.9984741;6.400068283;186;
27/09/2017 23:05:18;;805.62;154.248;56.9973;134.38;60.234;56.9992;31842.6721;31842.7615;-0.0894000000007509;5.78109000753361;-0.134019582532346;150.0008087;150.0021057;6.380414963;187;
27/09/2017 23:05:19;;842.337;151.26;56.9973;142.814;59.388;56.9992;31842.6907;31842.7615;-0.0708000000013271;5.8991447166702;-0.22112191573251;149.9985809;150.0001068;6.359765053;187;
27/09/2017 23:05:20;;872.377;143.346;56.9973;152.052;59.238;56.9992;31842.7687;31842.7615;0.00720000000001164;5.76004404221007;0.272457972401753;149.9952393;149.999527;6.339572906;188;
27/09/2017 23:05:21;;869.039;137.712;56.9973;177.563;50.46;56.9992;31842.7961;31842.7615;0.0345999999990454;6.13130799728387;0.25503750576172;150.0005188;149.9986572;6.319442272;189;
27/09/2017 23:05:22;;864.271;135.462;56.9973;208.379;39.282;56.9992;31842.7731;31842.7615;0.0115999999979977;6.42825332444645;0.179548816988245;150.0007629;149.9986267;6.300470352;191;
27/09/2017 23:05:23;;864.033;135.432;56.9973;219.555;36.576;56.9992;31842.8023;31842.7615;0.0407999999988533;6.31118518744151;-0.215315093519166;150.001709;150.0002594;6.280240536;192;
27/09/2017 23:05:24;;864.271;135.432;56.9973;220.598;36.258;56.9992;31842.7799;31842.7615;0.0184000000008382;6.23818201665276;-0.273383315652609;149.9992371;149.9998169;6.260362625;192;
27/09/2017 23:05:25;;864.152;135.42;56.9973;220.806;36.246;56.9992;31842.7774;31842.7615;0.0158999999985099;6.46935870617332;-0.110792293678969;149.9998779;149.9978638;6.240525723;194;
27/09/2017 23:05:26;;864.271;135.444;56.9973;220.866;36.264;56.9992;31842.7668;31842.7615;0.00530000000071595;6.28060277864314;0.237617039121687;150.0010529;149.9976654;6.220355988;195;
27/09/2017 23:05:27;;864.271;135.45;56.9973;220.836;36.228;56.9992;31842.7972;31842.7615;0.0357000000003609;6.2177937428948;-0.0120763160521165;149.999588;150.0014954;6.199887276;195;
27/09/2017 23:05:28;;864.152;135.438;56.9973;220.955;36.228;56.9992;31842.751;31842.7615;-0.0105000000003201;6.23028978169124;0.0982533060014248;150.0010834;150.0014038;6.179437637;196;
27/09/2017 23:05:29;;863.794;135.414;56.9973;220.896;36.228;56.9992;31842.7968;31842.7615;0.0352999999995518;6.43778977317523;0.0459919060813263;150.0021362;149.9996948;6.160018444;197;
27/09/2017 23:05:30;;864.152;135.426;56.9973;220.866;36.258;56.9992;31842.7786;31842.7615;0.0171000000009371;6.39569786080076;0.231810216908343;149.9964447;149.9953613;6.139245987;198;
27/09/2017 23:05:31;;864.152;135.426;56.9973;221.045;36.264;56.9992;31842.7354;31842.7615;-0.0260999999991327;6.42956869669085;0.226003394694999;149.9981689;149.9985962;6.119814873;199;
27/09/2017 23:05:32;;864.39;135.414;56.9973;220.866;36.204;56.9992;31842.7871;31842.7615;0.0256000000008498;6.18392290025006;0.284071616828442;150.0001526;149.9990082;6.09994936;200;
27/09/2017 23:05:33;;864.39;135.42;56.9973;220.866;36.246;56.9992;31842.7589;31842.7615;-0.00259999999980209;6.47462019489621;-0.0411104271188378;149.9987793;149.9964142;6.080410957;201;
27/09/2017 23:05:34;;864.509;135.414;56.9973;220.896;36.264;56.9992;31842.7572;31842.7615;-0.00430000000051223;6.29704493401901;0.109866950428113;150.0006866;150.0018005;6.061113834;202;
27/09/2017 23:05:35;;864.271;135.438;56.9973;221.045;36.276;56.9992;31842.7648;31842.7615;0.0033000000003085;6.47429135185197;0.21438975026831;149.9982605;149.9968414;6.040934563;203;
27/09/2017 23:05:36;;864.152;135.456;56.9973;221.224;36.276;56.9992;31842.7767;31842.7615;0.0151999999980035;6.37728264854395;-0.163053693599068;150.0005341;150.0018616;6.020412445;204;
27/09/2017 23:05:37;;863.794;135.426;56.9973;221.164;36.294;56.9992;31842.7751;31842.7615;0.0135999999984051;6.34045222298928;-0.110792293678969;149.9996338;150.0006104;5.999387741;205;
27/09/2017 23:05:37;;864.152;135.414;56.9973;221.045;36.276;56.9992;31842.7708;31842.7615;0.00929999999789288;6.38089992240795;-0.255962849012576;150.0002747;149.9981232;5.979208469;206;
27/09/2017 23:05:38;;864.271;135.432;56.9973;221.283;36.276;56.9992;31842.7588;31842.7615;-0.00270000000091386;6.47626441011557;-0.168860515812412;150.0004425;149.9983673;5.959979534;207;
27/09/2017 23:05:39;;864.033;135.438;56.9973;221.134;36.294;56.9992;31842.7872;31842.7615;0.0256999999983236;6.18655364534278;0.162128350348212;150.0010986;149.9985809;5.939483643;208;
27/09/2017 23:05:40;;864.033;135.45;56.9973;220.985;36.306;56.9992;31842.7461;31842.7615;-0.015400000000227;6.49698152160975;-0.116599115892313;150.0045624;150.003418;5.920236588;209;
27/09/2017 23:05:41;;864.271;135.42;56.9973;221.283;36.306;56.9992;31842.7963;31842.7615;0.0348000000012689;6.45982225778223;-0.0817581826122478;149.9994659;150.0016327;5.900330067;210;
27/09/2017 23:05:42;;864.152;135.42;56.9973;221.343;36.27;56.9992;31842.7811;31842.7615;0.0195999999996275;6.46902986312709;0.0169577950146049;149.9959869;149.997467;5.880330563;211;
27/09/2017 23:05:43;;864.152;135.408;56.9973;221.015;36.27;56.9992;31842.7739;31842.7615;0.0123999999996158;6.44831275096589;-0.1804741602391;149.9998322;149.9989929;5.85995388;212;
27/09/2017 23:05:44;;864.152;135.444;56.9973;220.747;36.216;56.9992;31842.7852;31842.7615;0.0236999999979162;6.46245300217634;-0.134019582532346;149.9988403;149.9993286;5.839804649;213;
27/09/2017 23:05:45;;864.152;135.432;56.9973;220.538;36.174;56.9992;31842.7573;31842.7615;-0.00419999999940046;6.5124371441405;-0.186280982452445;149.9993286;149.9986725;5.820255756;214;
27/09/2017 23:05:46;;864.152;135.438;56.9973;220.568;36.18;56.9992;31842.7097;31842.7615;-0.0518000000010943;6.36643082687123;-0.232735560159199;150.000351;149.9978943;5.799620628;214;
27/09/2017 23:05:47;;864.033;135.432;56.9973;220.806;36.234;56.9992;31842.7613;31842.7615;-0.000200000002223533;6.51934284773191;-0.163053693599068;150.0012665;149.9992065;5.779932976;215;
27/09/2017 23:05:48;;864.39;135.438;56.9973;220.866;36.234;56.9992;31842.7939;31842.7615;0.0324000000000524;6.22272638980373;0.104060128214769;149.9996948;149.9978027;5.760053158;216;
27/09/2017 23:05:49;;864.152;135.432;56.9973;220.568;36.174;56.9992;31842.7691;31842.7615;0.00760000000082073;6.24443003595957;-0.250156026799232;150.0010529;150.002121;5.740018368;217;
27/09/2017 23:05:50;;864.033;135.438;56.9973;220.687;36.222;56.9992;31842.7269;31842.7615;-0.0345999999990454;6.4111534850978;0.208582928054966;150.0011292;149.9980774;5.720344067;218;
27/09/2017 23:05:51;;864.271;135.426;56.9973;220.896;36.258;56.9992;31842.759;31842.7615;-0.00250000000232831;6.46508374656257;0.191162461414933;150.0019836;150.0035858;5.699875832;219;
27/09/2017 23:05:52;;864.152;135.438;56.9973;221.045;36.27;56.9992;31842.7868;31842.7615;0.0253000000011525;6.44601084958474;-0.186280982452445;149.9991608;150.0011749;5.680105209;220;
27/09/2017 23:05:53;;864.39;135.456;56.9973;221.015;36.252;56.9992;31842.7749;31842.7615;0.0133999999998196;6.48284127096168;-0.0933718270389363;149.9946899;149.9996948;5.660087109;221;
27/09/2017 23:05:54;;864.152;135.426;56.9973;221.194;36.318;56.9992;31842.7574;31842.7615;-0.00410000000192667;6.38747678394411;0.080832839361392;149.999588;150.0014648;5.639915466;222;
27/09/2017 23:05:55;;864.152;135.42;56.9973;221.015;36.27;56.9992;31842.7729;31842.7615;0.0113999999994121;6.4953373064302;0.167935172561556;149.9985809;149.9988556;5.619829178;223;
27/09/2017 23:05:55;;864.39;135.432;56.9973;220.806;36.228;56.9992;31842.7601;31842.7615;-0.00140000000101281;6.24015507538485;-0.128212760319002;149.9997559;149.9998322;5.600325584;224;
27/09/2017 23:05:56;;864.271;135.426;56.9973;220.657;36.216;56.9992;31842.7807;31842.7615;0.0191999999988184;6.36906157153022;0.423435349948704;150.0015259;150.001709;5.580055714;225;
27/09/2017 23:05:57;;864.271;135.426;56.9973;220.926;36.252;56.9992;31842.7455;31842.7615;-0.0159999999996217;6.5538713648143;-0.238542382372543;149.998764;149.9992371;5.560413837;226;
27/09/2017 23:05:58;;864.39;135.438;56.9973;220.985;36.264;56.9992;31842.7614;31842.7615;-0.000100000001111766;6.17307107668533;-0.0178831382654607;150.0036011;150.0024109;5.540950775;227;
27/09/2017 23:05:59;;864.271;135.432;56.9973;220.896;36.246;56.9992;31842.7316;31842.7615;-0.0299000000013621;6.59694979830884;-0.00626949383877218;149.9980164;149.9991455;5.519852638;228;
27/09/2017 23:06:00;;864.271;135.426;56.9973;220.836;36.222;56.9992;31842.7598;31842.7615;-0.00170000000071013;6.49106234694843;-0.0178831382654607;150.0022278;150.0004883;5.499545097;228;


