Z ==> 5,5:0,001:12
Monter après contact ==> 500
Point de scan après sortir ==> 2000
Temps d'attendre ==> 100
Nombre acquis ==> 1
RF ==> 31842,8036
seuil de Fréquence ==> 0,300

Z	Frequency	Nothing	

5,501000e+000	3,184278e+004	
5,502000e+000	3,184273e+004	
5,503000e+000	3,184275e+004	
5,504000e+000	3,184274e+004	
5,505000e+000	3,184277e+004	
5,506000e+000	3,184273e+004	
5,507000e+000	3,184276e+004	
5,508000e+000	3,184278e+004	
5,509000e+000	3,184278e+004	
5,510000e+000	3,184275e+004	
5,511000e+000	3,184277e+004	
5,512000e+000	3,184279e+004	
5,513000e+000	3,184275e+004	
5,514000e+000	3,184276e+004	
5,515000e+000	3,184276e+004	
5,516000e+000	3,184275e+004	
5,517000e+000	3,184274e+004	
5,518000e+000	3,184277e+004	
5,519000e+000	3,184276e+004	
5,520000e+000	3,184277e+004	
5,521000e+000	3,184276e+004	
5,522000e+000	3,184278e+004	
5,523000e+000	3,184278e+004	
5,524000e+000	3,184276e+004	
5,525000e+000	3,184277e+004	
5,526000e+000	3,184276e+004	
5,527000e+000	3,184272e+004	
5,528000e+000	3,184273e+004	
5,529000e+000	3,184279e+004	
5,530000e+000	3,184275e+004	
5,531000e+000	3,184276e+004	
5,532000e+000	3,184281e+004	
5,533000e+000	3,184279e+004	
5,534000e+000	3,184272e+004	
5,535000e+000	3,184276e+004	
5,536000e+000	3,184278e+004	
5,537000e+000	3,184275e+004	
5,538000e+000	3,184273e+004	
5,539000e+000	3,184274e+004	
5,540000e+000	3,184278e+004	
5,541000e+000	3,184280e+004	
5,542000e+000	3,184278e+004	
5,543000e+000	3,184276e+004	
5,544000e+000	3,184275e+004	
5,545000e+000	3,184281e+004	
5,546000e+000	3,184276e+004	
5,547000e+000	3,184273e+004	
5,548000e+000	3,184274e+004	
5,549000e+000	3,184276e+004	
5,550000e+000	3,184274e+004	
5,551000e+000	3,184275e+004	
5,552000e+000	3,184278e+004	
5,553000e+000	3,184276e+004	
5,554000e+000	3,184278e+004	
5,555000e+000	3,184277e+004	
5,556000e+000	3,184277e+004	
5,557000e+000	3,184274e+004	
5,558000e+000	3,184279e+004	
5,559000e+000	3,184275e+004	
5,560000e+000	3,184271e+004	
5,561000e+000	3,184279e+004	
5,562000e+000	3,184278e+004	
5,563000e+000	3,184274e+004	
5,564000e+000	3,184279e+004	
5,565000e+000	3,184280e+004	
5,566000e+000	3,184276e+004	
5,567000e+000	3,184276e+004	
5,568000e+000	3,184277e+004	
5,569000e+000	3,184272e+004	
5,570000e+000	3,184273e+004	
5,571000e+000	3,184277e+004	
5,572000e+000	3,184275e+004	
5,573000e+000	3,184275e+004	
5,574000e+000	3,184276e+004	
5,575000e+000	3,184278e+004	
5,576000e+000	3,184276e+004	
5,577000e+000	3,184279e+004	
5,578000e+000	3,184276e+004	
5,579000e+000	3,184277e+004	
5,580000e+000	3,184275e+004	
5,581000e+000	3,184274e+004	
5,582000e+000	3,184274e+004	
5,583000e+000	3,184274e+004	
5,584000e+000	3,184276e+004	
5,585000e+000	3,184270e+004	
5,586000e+000	3,184277e+004	
5,587000e+000	3,184277e+004	
5,588000e+000	3,184276e+004	
5,589000e+000	3,184275e+004	
5,590000e+000	3,184280e+004	
5,591000e+000	3,184278e+004	
5,592000e+000	3,184277e+004	
5,593000e+000	3,184276e+004	
5,594000e+000	3,184279e+004	
5,595000e+000	3,184275e+004	
5,596000e+000	3,184274e+004	
5,597000e+000	3,184275e+004	
5,598000e+000	3,184273e+004	
5,599000e+000	3,184276e+004	
5,600000e+000	3,184275e+004	
5,601000e+000	3,184277e+004	
5,602000e+000	3,184275e+004	
5,603000e+000	3,184277e+004	
5,604000e+000	3,184278e+004	
5,605000e+000	3,184277e+004	
5,606000e+000	3,184276e+004	
5,607000e+000	3,184276e+004	
5,608000e+000	3,184273e+004	
5,609000e+000	3,184279e+004	
5,610000e+000	3,184277e+004	
5,611000e+000	3,184274e+004	
5,612000e+000	3,184275e+004	
5,613000e+000	3,184281e+004	
5,614000e+000	3,184278e+004	
5,615000e+000	3,184276e+004	
5,616000e+000	3,184276e+004	
5,617000e+000	3,184279e+004	
5,618000e+000	3,184273e+004	
5,619000e+000	3,184273e+004	
5,620000e+000	3,184277e+004	
5,621000e+000	3,184273e+004	
5,622000e+000	3,184276e+004	
5,623000e+000	3,184281e+004	
5,624000e+000	3,184276e+004	
5,625000e+000	3,184277e+004	
5,626000e+000	3,184278e+004	
5,627000e+000	3,184278e+004	
5,628000e+000	3,184273e+004	
5,629000e+000	3,184278e+004	
5,630000e+000	3,184277e+004	
5,631000e+000	3,184277e+004	
5,632000e+000	3,184277e+004	
5,633000e+000	3,184275e+004	
5,634000e+000	3,184277e+004	
5,635000e+000	3,184275e+004	
5,636000e+000	3,184275e+004	
5,637000e+000	3,184273e+004	
5,638000e+000	3,184277e+004	
5,639000e+000	3,184279e+004	
5,640000e+000	3,184275e+004	
5,641000e+000	3,184273e+004	
5,642000e+000	3,184277e+004	
5,643000e+000	3,184277e+004	
5,644000e+000	3,184274e+004	
5,645000e+000	3,184280e+004	
5,646000e+000	3,184277e+004	
5,647000e+000	3,184275e+004	
5,648000e+000	3,184280e+004	
5,649000e+000	3,184277e+004	
5,650000e+000	3,184274e+004	
5,651000e+000	3,184276e+004	
5,652000e+000	3,184280e+004	
5,653000e+000	3,184274e+004	
5,654000e+000	3,184274e+004	
5,655000e+000	3,184277e+004	
5,656000e+000	3,184276e+004	
5,657000e+000	3,184274e+004	
5,658000e+000	3,184276e+004	
5,659000e+000	3,184276e+004	
5,660000e+000	3,184274e+004	
5,661000e+000	3,184277e+004	
5,662000e+000	3,184278e+004	
5,663000e+000	3,184274e+004	
5,664000e+000	3,184279e+004	
5,665000e+000	3,184278e+004	
5,666000e+000	3,184275e+004	
5,667000e+000	3,184275e+004	
5,668000e+000	3,184277e+004	
5,669000e+000	3,184275e+004	
5,670000e+000	3,184275e+004	
5,671000e+000	3,184274e+004	
5,672000e+000	3,184275e+004	
5,673000e+000	3,184275e+004	
5,674000e+000	3,184275e+004	
5,675000e+000	3,184280e+004	
5,676000e+000	3,184274e+004	
5,677000e+000	3,184278e+004	
5,678000e+000	3,184276e+004	
5,679000e+000	3,184276e+004	
5,680000e+000	3,184276e+004	
5,681000e+000	3,184277e+004	
5,682000e+000	3,184277e+004	
5,683000e+000	3,184273e+004	
5,684000e+000	3,184275e+004	
5,685000e+000	3,184279e+004	
5,686000e+000	3,184275e+004	
5,687000e+000	3,184279e+004	
5,688000e+000	3,184277e+004	
5,689000e+000	3,184276e+004	
5,690000e+000	3,184278e+004	
5,691000e+000	3,184279e+004	
5,692000e+000	3,184271e+004	
5,693000e+000	3,184275e+004	
5,694000e+000	3,184278e+004	
5,695000e+000	3,184277e+004	
5,696000e+000	3,184274e+004	
5,697000e+000	3,184275e+004	
5,698000e+000	3,184279e+004	
5,699000e+000	3,184276e+004	
5,700000e+000	3,184277e+004	
5,701000e+000	3,184276e+004	
5,702000e+000	3,184274e+004	
5,703000e+000	3,184275e+004	
5,704000e+000	3,184275e+004	
5,705000e+000	3,184275e+004	
5,706000e+000	3,184273e+004	
5,707000e+000	3,184276e+004	
5,708000e+000	3,184279e+004	
5,709000e+000	3,184275e+004	
5,710000e+000	3,184278e+004	
5,711000e+000	3,184277e+004	
5,712000e+000	3,184276e+004	
5,713000e+000	3,184275e+004	
5,714000e+000	3,184279e+004	
5,715000e+000	3,184273e+004	
5,716000e+000	3,184273e+004	
5,717000e+000	3,184277e+004	
5,718000e+000	3,184277e+004	
5,719000e+000	3,184272e+004	
5,720000e+000	3,184275e+004	
5,721000e+000	3,184276e+004	
5,722000e+000	3,184275e+004	
5,723000e+000	3,184277e+004	
5,724000e+000	3,184277e+004	
5,725000e+000	3,184272e+004	
5,726000e+000	3,184276e+004	
5,727000e+000	3,184275e+004	
5,728000e+000	3,184275e+004	
5,729000e+000	3,184275e+004	
5,730000e+000	3,184279e+004	
5,731000e+000	3,184278e+004	
5,732000e+000	3,184278e+004	
5,733000e+000	3,184278e+004	
5,734000e+000	3,184277e+004	
5,735000e+000	3,184275e+004	
5,736000e+000	3,184279e+004	
5,737000e+000	3,184278e+004	
5,738000e+000	3,184275e+004	
5,739000e+000	3,184277e+004	
5,740000e+000	3,184277e+004	
5,741000e+000	3,184275e+004	
5,742000e+000	3,184279e+004	
5,743000e+000	3,184278e+004	
5,744000e+000	3,184277e+004	
5,745000e+000	3,184275e+004	
5,746000e+000	3,184278e+004	
5,747000e+000	3,184276e+004	
5,748000e+000	3,184273e+004	
5,749000e+000	3,184275e+004	
5,750000e+000	3,184277e+004	
5,751000e+000	3,184277e+004	
5,752000e+000	3,184275e+004	
5,753000e+000	3,184280e+004	
5,754000e+000	3,184276e+004	
5,755000e+000	3,184279e+004	
5,756000e+000	3,184280e+004	
5,757000e+000	3,184276e+004	
5,758000e+000	3,184275e+004	
5,759000e+000	3,184280e+004	
5,760000e+000	3,184275e+004	
5,761000e+000	3,184278e+004	
5,762000e+000	3,184277e+004	
5,763000e+000	3,184280e+004	
5,764000e+000	3,184276e+004	
5,765000e+000	3,184276e+004	
5,766000e+000	3,184277e+004	
5,767000e+000	3,184276e+004	
5,768000e+000	3,184275e+004	
5,769000e+000	3,184276e+004	
5,770000e+000	3,184274e+004	
5,771000e+000	3,184275e+004	
5,772000e+000	3,184277e+004	
5,773000e+000	3,184277e+004	
5,774000e+000	3,184275e+004	
5,775000e+000	3,184278e+004	
5,776000e+000	3,184280e+004	
5,777000e+000	3,184276e+004	
5,778000e+000	3,184278e+004	
5,779000e+000	3,184277e+004	
5,780000e+000	3,184278e+004	
5,781000e+000	3,184276e+004	
5,782000e+000	3,184280e+004	
5,783000e+000	3,184279e+004	
5,784000e+000	3,184276e+004	
5,785000e+000	3,184278e+004	
5,786000e+000	3,184280e+004	
5,787000e+000	3,184275e+004	
5,788000e+000	3,184277e+004	
5,789000e+000	3,184275e+004	
5,790000e+000	3,184276e+004	
5,791000e+000	3,184274e+004	
5,792000e+000	3,184278e+004	
5,793000e+000	3,184275e+004	
5,794000e+000	3,184278e+004	
5,795000e+000	3,184278e+004	
5,796000e+000	3,184279e+004	
5,797000e+000	3,184278e+004	
5,798000e+000	3,184279e+004	
5,799000e+000	3,184279e+004	
5,800000e+000	3,184275e+004	
5,801000e+000	3,184275e+004	
5,802000e+000	3,184280e+004	
5,803000e+000	3,184279e+004	
5,804000e+000	3,184279e+004	
5,805000e+000	3,184278e+004	
5,806000e+000	3,184276e+004	
5,807000e+000	3,184277e+004	
5,808000e+000	3,184276e+004	
5,809000e+000	3,184277e+004	
5,810000e+000	3,184274e+004	
5,811000e+000	3,184276e+004	
5,812000e+000	3,184279e+004	
5,813000e+000	3,184279e+004	
5,814000e+000	3,184273e+004	
5,815000e+000	3,184277e+004	
5,816000e+000	3,184280e+004	
5,817000e+000	3,184276e+004	
5,818000e+000	3,184275e+004	
5,819000e+000	3,184276e+004	
5,820000e+000	3,184278e+004	
5,821000e+000	3,184274e+004	
5,822000e+000	3,184275e+004	
5,823000e+000	3,184279e+004	
5,824000e+000	3,184280e+004	
5,825000e+000	3,184273e+004	
5,826000e+000	3,184276e+004	
5,827000e+000	3,184283e+004	
5,828000e+000	3,184275e+004	
5,829000e+000	3,184276e+004	
5,830000e+000	3,184280e+004	
5,831000e+000	3,184278e+004	
5,832000e+000	3,184275e+004	
5,833000e+000	3,184281e+004	
5,834000e+000	3,184277e+004	
5,835000e+000	3,184276e+004	
5,836000e+000	3,184278e+004	
5,837000e+000	3,184277e+004	
5,838000e+000	3,184276e+004	
5,839000e+000	3,184281e+004	
5,840000e+000	3,184280e+004	
5,841000e+000	3,184278e+004	
5,842000e+000	3,184273e+004	
5,843000e+000	3,184279e+004	
5,844000e+000	3,184279e+004	
5,845000e+000	3,184274e+004	
5,846000e+000	3,184279e+004	
5,847000e+000	3,184280e+004	
5,848000e+000	3,184277e+004	
5,849000e+000	3,184275e+004	
5,850000e+000	3,184279e+004	
5,851000e+000	3,184275e+004	
5,852000e+000	3,184276e+004	
5,853000e+000	3,184275e+004	
5,854000e+000	3,184275e+004	
5,855000e+000	3,184275e+004	
5,856000e+000	3,184279e+004	
5,857000e+000	3,184275e+004	
5,858000e+000	3,184274e+004	
5,859000e+000	3,184278e+004	
5,860000e+000	3,184281e+004	
5,861000e+000	3,184275e+004	
5,862000e+000	3,184277e+004	
5,863000e+000	3,184277e+004	
5,864000e+000	3,184274e+004	
5,865000e+000	3,184279e+004	
5,866000e+000	3,184277e+004	
5,867000e+000	3,184278e+004	
5,868000e+000	3,184279e+004	
5,869000e+000	3,184275e+004	
5,870000e+000	3,184275e+004	
5,871000e+000	3,184276e+004	
5,872000e+000	3,184278e+004	
5,873000e+000	3,184273e+004	
5,874000e+000	3,184277e+004	
5,875000e+000	3,184275e+004	
5,876000e+000	3,184274e+004	
5,877000e+000	3,184269e+004	
5,878000e+000	3,184275e+004	
5,879000e+000	3,184278e+004	
5,880000e+000	3,184276e+004	
5,881000e+000	3,184275e+004	
5,882000e+000	3,184274e+004	
5,883000e+000	3,184272e+004	
5,884000e+000	3,184279e+004	
5,885000e+000	3,184275e+004	
5,886000e+000	3,184272e+004	
5,887000e+000	3,184272e+004	
5,888000e+000	3,184282e+004	
5,889000e+000	3,184276e+004	
5,890000e+000	3,184274e+004	
5,891000e+000	3,184278e+004	
5,892000e+000	3,184279e+004	
5,893000e+000	3,184277e+004	
5,894000e+000	3,184276e+004	
5,895000e+000	3,184278e+004	
5,896000e+000	3,184274e+004	
5,897000e+000	3,184278e+004	
5,898000e+000	3,184277e+004	
5,899000e+000	3,184277e+004	
5,900000e+000	3,184275e+004	
5,901000e+000	3,184278e+004	
5,902000e+000	3,184278e+004	
5,903000e+000	3,184274e+004	
5,904000e+000	3,184276e+004	
5,905000e+000	3,184281e+004	
5,906000e+000	3,184276e+004	
5,907000e+000	3,184277e+004	
5,908000e+000	3,184277e+004	
5,909000e+000	3,184276e+004	
5,910000e+000	3,184274e+004	
5,911000e+000	3,184279e+004	
5,912000e+000	3,184274e+004	
5,913000e+000	3,184274e+004	
5,914000e+000	3,184275e+004	
5,915000e+000	3,184276e+004	
5,916000e+000	3,184273e+004	
5,917000e+000	3,184277e+004	
5,918000e+000	3,184277e+004	
5,919000e+000	3,184275e+004	
5,920000e+000	3,184274e+004	
5,921000e+000	3,184279e+004	
5,922000e+000	3,184274e+004	
5,923000e+000	3,184274e+004	
5,924000e+000	3,184276e+004	
5,925000e+000	3,184275e+004	
5,926000e+000	3,184274e+004	
5,927000e+000	3,184279e+004	
5,928000e+000	3,184279e+004	
5,929000e+000	3,184275e+004	
5,930000e+000	3,184279e+004	
5,931000e+000	3,184279e+004	
5,932000e+000	3,184276e+004	
5,933000e+000	3,184275e+004	
5,934000e+000	3,184279e+004	
5,935000e+000	3,184274e+004	
5,936000e+000	3,184276e+004	
5,937000e+000	3,184277e+004	
5,938000e+000	3,184280e+004	
5,939000e+000	3,184277e+004	
5,940000e+000	3,184277e+004	
5,941000e+000	3,184278e+004	
5,942000e+000	3,184274e+004	
5,943000e+000	3,184274e+004	
5,944000e+000	3,184280e+004	
5,945000e+000	3,184276e+004	
5,946000e+000	3,184277e+004	
5,947000e+000	3,184279e+004	
5,948000e+000	3,184277e+004	
5,949000e+000	3,184276e+004	
5,950000e+000	3,184276e+004	
5,951000e+000	3,184280e+004	
5,952000e+000	3,184273e+004	
5,953000e+000	3,184276e+004	
5,954000e+000	3,184278e+004	
5,955000e+000	3,184276e+004	
5,956000e+000	3,184276e+004	
5,957000e+000	3,184280e+004	
5,958000e+000	3,184276e+004	
5,959000e+000	3,184276e+004	
5,960000e+000	3,184277e+004	
5,961000e+000	3,184278e+004	
5,962000e+000	3,184275e+004	
5,963000e+000	3,184275e+004	
5,964000e+000	3,184277e+004	
5,965000e+000	3,184277e+004	
5,966000e+000	3,184274e+004	
5,967000e+000	3,184276e+004	
5,968000e+000	3,184279e+004	
5,969000e+000	3,184274e+004	
5,970000e+000	3,184277e+004	
5,971000e+000	3,184275e+004	
5,972000e+000	3,184277e+004	
5,973000e+000	3,184277e+004	
5,974000e+000	3,184277e+004	
5,975000e+000	3,184278e+004	
5,976000e+000	3,184278e+004	
5,977000e+000	3,184277e+004	
5,978000e+000	3,184277e+004	
5,979000e+000	3,184277e+004	
5,980000e+000	3,184276e+004	
5,981000e+000	3,184277e+004	
5,982000e+000	3,184276e+004	
5,983000e+000	3,184275e+004	
5,984000e+000	3,184278e+004	
5,985000e+000	3,184277e+004	
5,986000e+000	3,184275e+004	
5,987000e+000	3,184280e+004	
5,988000e+000	3,184279e+004	
5,989000e+000	3,184276e+004	
5,990000e+000	3,184276e+004	
5,991000e+000	3,184280e+004	
5,992000e+000	3,184277e+004	
5,993000e+000	3,184278e+004	
5,994000e+000	3,184279e+004	
5,995000e+000	3,184278e+004	
5,996000e+000	3,184275e+004	
5,997000e+000	3,184279e+004	
5,998000e+000	3,184275e+004	
5,999000e+000	3,184274e+004	
6,000000e+000	3,184277e+004	
6,001000e+000	3,184278e+004	
6,002000e+000	3,184274e+004	
6,003000e+000	3,184276e+004	
6,004000e+000	3,184277e+004	
6,005000e+000	3,184275e+004	
6,006000e+000	3,184273e+004	
6,007000e+000	3,184278e+004	
6,008000e+000	3,184279e+004	
6,009000e+000	3,184276e+004	
6,010000e+000	3,184279e+004	
6,011000e+000	3,184277e+004	
6,012000e+000	3,184276e+004	
6,013000e+000	3,184278e+004	
6,014000e+000	3,184280e+004	
6,015000e+000	3,184274e+004	
6,016000e+000	3,184274e+004	
6,017000e+000	3,184274e+004	
6,018000e+000	3,184277e+004	
6,019000e+000	3,184271e+004	
6,020000e+000	3,184277e+004	
6,021000e+000	3,184276e+004	
6,022000e+000	3,184276e+004	
6,023000e+000	3,184274e+004	
6,024000e+000	3,184277e+004	
6,025000e+000	3,184272e+004	
6,026000e+000	3,184276e+004	
6,027000e+000	3,184275e+004	
6,028000e+000	3,184275e+004	
6,029000e+000	3,184275e+004	
6,030000e+000	3,184279e+004	
6,031000e+000	3,184275e+004	
6,032000e+000	3,184276e+004	
6,033000e+000	3,184276e+004	
6,034000e+000	3,184278e+004	
6,035000e+000	3,184276e+004	
6,036000e+000	3,184275e+004	
6,037000e+000	3,184278e+004	
6,038000e+000	3,184274e+004	
6,039000e+000	3,184279e+004	
6,040000e+000	3,184277e+004	
6,041000e+000	3,184277e+004	
6,042000e+000	3,184275e+004	
6,043000e+000	3,184277e+004	
6,044000e+000	3,184274e+004	
6,045000e+000	3,184279e+004	
6,046000e+000	3,184275e+004	
6,047000e+000	3,184277e+004	
6,048000e+000	3,184274e+004	
6,049000e+000	3,184276e+004	
6,050000e+000	3,184274e+004	
6,051000e+000	3,184277e+004	
6,052000e+000	3,184275e+004	
6,053000e+000	3,184276e+004	
6,054000e+000	3,184276e+004	
6,055000e+000	3,184275e+004	
6,056000e+000	3,184279e+004	
6,057000e+000	3,184275e+004	
6,058000e+000	3,184276e+004	
6,059000e+000	3,184277e+004	
6,060000e+000	3,184280e+004	
6,061000e+000	3,184279e+004	
6,062000e+000	3,184277e+004	
6,063000e+000	3,184276e+004	
6,064000e+000	3,184279e+004	
6,065000e+000	3,184277e+004	
6,066000e+000	3,184279e+004	
6,067000e+000	3,184277e+004	
6,068000e+000	3,184276e+004	
6,069000e+000	3,184274e+004	
6,070000e+000	3,184279e+004	
6,071000e+000	3,184278e+004	
6,072000e+000	3,184275e+004	
6,073000e+000	3,184277e+004	
6,074000e+000	3,184280e+004	
6,075000e+000	3,184277e+004	
6,076000e+000	3,184277e+004	
6,077000e+000	3,184280e+004	
6,078000e+000	3,184276e+004	
6,079000e+000	3,184277e+004	
6,080000e+000	3,184277e+004	
6,081000e+000	3,184281e+004	
6,082000e+000	3,184274e+004	
6,083000e+000	3,184277e+004	
6,084000e+000	3,184277e+004	
6,085000e+000	3,184277e+004	
6,086000e+000	3,184275e+004	
6,087000e+000	3,184276e+004	
6,088000e+000	3,184275e+004	
6,089000e+000	3,184279e+004	
6,090000e+000	3,184277e+004	
6,091000e+000	3,184274e+004	
6,092000e+000	3,184278e+004	
6,093000e+000	3,184278e+004	
6,094000e+000	3,184278e+004	
6,095000e+000	3,184277e+004	
6,096000e+000	3,184277e+004	
6,097000e+000	3,184274e+004	
6,098000e+000	3,184276e+004	
6,099000e+000	3,184276e+004	
6,100000e+000	3,184280e+004	
6,101000e+000	3,184280e+004	
6,102000e+000	3,184274e+004	
6,103000e+000	3,184277e+004	
6,104000e+000	3,184279e+004	
6,105000e+000	3,184273e+004	
6,106000e+000	3,184275e+004	
6,107000e+000	3,184279e+004	
6,108000e+000	3,184278e+004	
6,109000e+000	3,184275e+004	
6,110000e+000	3,184280e+004	
6,111000e+000	3,184278e+004	
6,112000e+000	3,184276e+004	
6,113000e+000	3,184278e+004	
6,114000e+000	3,184277e+004	
6,115000e+000	3,184274e+004	
6,116000e+000	3,184275e+004	
6,117000e+000	3,184278e+004	
6,118000e+000	3,184270e+004	
6,119000e+000	3,184275e+004	
6,120000e+000	3,184277e+004	
6,121000e+000	3,184274e+004	
6,122000e+000	3,184274e+004	
6,123000e+000	3,184278e+004	
6,124000e+000	3,184275e+004	
6,125000e+000	3,184273e+004	
6,126000e+000	3,184276e+004	
6,127000e+000	3,184278e+004	
6,128000e+000	3,184274e+004	
6,129000e+000	3,184275e+004	
6,130000e+000	3,184278e+004	
6,131000e+000	3,184278e+004	
6,132000e+000	3,184274e+004	
6,133000e+000	3,184278e+004	
6,134000e+000	3,184274e+004	
6,135000e+000	3,184276e+004	
6,136000e+000	3,184275e+004	
6,137000e+000	3,184278e+004	
6,138000e+000	3,184275e+004	
6,139000e+000	3,184278e+004	
6,140000e+000	3,184275e+004	
6,141000e+000	3,184277e+004	
6,142000e+000	3,184278e+004	
6,143000e+000	3,184275e+004	
6,144000e+000	3,184278e+004	
6,145000e+000	3,184279e+004	
6,146000e+000	3,184278e+004	
6,147000e+000	3,184273e+004	
6,148000e+000	3,184279e+004	
6,149000e+000	3,184276e+004	
6,150000e+000	3,184275e+004	
6,151000e+000	3,184274e+004	
6,152000e+000	3,184275e+004	
6,153000e+000	3,184275e+004	
6,154000e+000	3,184277e+004	
6,155000e+000	3,184277e+004	
6,156000e+000	3,184277e+004	
6,157000e+000	3,184279e+004	
6,158000e+000	3,184277e+004	
6,159000e+000	3,184276e+004	
6,160000e+000	3,184274e+004	
6,161000e+000	3,184279e+004	
6,162000e+000	3,184281e+004	
6,163000e+000	3,184277e+004	
6,164000e+000	3,184277e+004	
6,165000e+000	3,184279e+004	
6,166000e+000	3,184275e+004	
6,167000e+000	3,184275e+004	
6,168000e+000	3,184274e+004	
6,169000e+000	3,184277e+004	
6,170000e+000	3,184273e+004	
6,171000e+000	3,184275e+004	
6,172000e+000	3,184277e+004	
6,173000e+000	3,184277e+004	
6,174000e+000	3,184277e+004	
6,175000e+000	3,184278e+004	
6,176000e+000	3,184277e+004	
6,177000e+000	3,184275e+004	
6,178000e+000	3,184280e+004	
6,179000e+000	3,184275e+004	
6,180000e+000	3,184276e+004	
6,181000e+000	3,184277e+004	
6,182000e+000	3,184279e+004	
6,183000e+000	3,184276e+004	
6,184000e+000	3,184278e+004	
6,185000e+000	3,184279e+004	
6,186000e+000	3,184279e+004	
6,187000e+000	3,184273e+004	
6,188000e+000	3,184280e+004	
6,189000e+000	3,184276e+004	
6,190000e+000	3,184276e+004	
6,191000e+000	3,184278e+004	
6,192000e+000	3,184277e+004	
6,193000e+000	3,184274e+004	
6,194000e+000	3,184277e+004	
6,195000e+000	3,184278e+004	
6,196000e+000	3,184275e+004	
6,197000e+000	3,184276e+004	
6,198000e+000	3,184277e+004	
6,199000e+000	3,184276e+004	
6,200000e+000	3,184275e+004	
6,201000e+000	3,184278e+004	
6,202000e+000	3,184275e+004	
6,203000e+000	3,184273e+004	
6,204000e+000	3,184277e+004	
6,205000e+000	3,184277e+004	
6,206000e+000	3,184273e+004	
6,207000e+000	3,184275e+004	
6,208000e+000	3,184276e+004	
6,209000e+000	3,184274e+004	
6,210000e+000	3,184277e+004	
6,211000e+000	3,184279e+004	
6,212000e+000	3,184275e+004	
6,213000e+000	3,184280e+004	
6,214000e+000	3,184280e+004	
6,215000e+000	3,184277e+004	
6,216000e+000	3,184275e+004	
6,217000e+000	3,184279e+004	
6,218000e+000	3,184276e+004	
6,219000e+000	3,184277e+004	
6,220000e+000	3,184278e+004	
6,221000e+000	3,184280e+004	
6,222000e+000	3,184273e+004	
6,223000e+000	3,184274e+004	
6,224000e+000	3,184277e+004	
6,225000e+000	3,184275e+004	
6,226000e+000	3,184273e+004	
6,227000e+000	3,184277e+004	
6,228000e+000	3,184277e+004	
6,229000e+000	3,184274e+004	
6,230000e+000	3,184276e+004	
6,231000e+000	3,184275e+004	
6,232000e+000	3,184278e+004	
6,233000e+000	3,184274e+004	
6,234000e+000	3,184277e+004	
6,235000e+000	3,184275e+004	
6,236000e+000	3,184276e+004	
6,237000e+000	3,184277e+004	
6,238000e+000	3,184277e+004	
6,239000e+000	3,184275e+004	
6,240000e+000	3,184280e+004	
6,241000e+000	3,184277e+004	
6,242000e+000	3,184275e+004	
6,243000e+000	3,184274e+004	
6,244000e+000	3,184280e+004	
6,245000e+000	3,184277e+004	
6,246000e+000	3,184277e+004	
6,247000e+000	3,184280e+004	
6,248000e+000	3,184279e+004	
6,249000e+000	3,184276e+004	
6,250000e+000	3,184277e+004	
6,251000e+000	3,184278e+004	
6,252000e+000	3,184274e+004	
6,253000e+000	3,184274e+004	
6,254000e+000	3,184275e+004	
6,255000e+000	3,184278e+004	
6,256000e+000	3,184274e+004	
6,257000e+000	3,184276e+004	
6,258000e+000	3,184277e+004	
6,259000e+000	3,184276e+004	
6,260000e+000	3,184275e+004	
6,261000e+000	3,184277e+004	
6,262000e+000	3,184272e+004	
6,263000e+000	3,184275e+004	
6,264000e+000	3,184277e+004	
6,265000e+000	3,184278e+004	
6,266000e+000	3,184276e+004	
6,267000e+000	3,184279e+004	
6,268000e+000	3,184278e+004	
6,269000e+000	3,184276e+004	
6,270000e+000	3,184278e+004	
6,271000e+000	3,184279e+004	
6,272000e+000	3,184277e+004	
6,273000e+000	3,184277e+004	
6,274000e+000	3,184280e+004	
6,275000e+000	3,184278e+004	
6,276000e+000	3,184277e+004	
6,277000e+000	3,184278e+004	
6,278000e+000	3,184278e+004	
6,279000e+000	3,184274e+004	
6,280000e+000	3,184277e+004	
6,281000e+000	3,184276e+004	
6,282000e+000	3,184277e+004	
6,283000e+000	3,184275e+004	
6,284000e+000	3,184274e+004	
6,285000e+000	3,184276e+004	
6,286000e+000	3,184279e+004	
6,287000e+000	3,184275e+004	
6,288000e+000	3,184278e+004	
6,289000e+000	3,184278e+004	
6,290000e+000	3,184277e+004	
6,291000e+000	3,184276e+004	
6,292000e+000	3,184277e+004	
6,293000e+000	3,184273e+004	
6,294000e+000	3,184276e+004	
6,295000e+000	3,184277e+004	
6,296000e+000	3,184273e+004	
6,297000e+000	3,184274e+004	
6,298000e+000	3,184279e+004	
6,299000e+000	3,184279e+004	
6,300000e+000	3,184274e+004	
6,301000e+000	3,184276e+004	
6,302000e+000	3,184273e+004	
6,303000e+000	3,184276e+004	
6,304000e+000	3,184278e+004	
6,305000e+000	3,184276e+004	
6,306000e+000	3,184275e+004	
6,307000e+000	3,184277e+004	
6,308000e+000	3,184271e+004	
6,309000e+000	3,184277e+004	
6,310000e+000	3,184275e+004	
6,311000e+000	3,184279e+004	
6,312000e+000	3,184275e+004	
6,313000e+000	3,184279e+004	
6,314000e+000	3,184279e+004	
6,315000e+000	3,184277e+004	
6,316000e+000	3,184279e+004	
6,317000e+000	3,184277e+004	
6,318000e+000	3,184276e+004	
6,319000e+000	3,184276e+004	
6,320000e+000	3,184278e+004	
6,321000e+000	3,184277e+004	
6,322000e+000	3,184275e+004	
6,323000e+000	3,184280e+004	
6,324000e+000	3,184275e+004	
6,325000e+000	3,184277e+004	
6,326000e+000	3,184280e+004	
6,327000e+000	3,184279e+004	
6,328000e+000	3,184278e+004	
6,329000e+000	3,184277e+004	
6,330000e+000	3,184279e+004	
6,331000e+000	3,184277e+004	
6,332000e+000	3,184275e+004	
6,333000e+000	3,184277e+004	
6,334000e+000	3,184281e+004	
6,335000e+000	3,184280e+004	
6,336000e+000	3,184279e+004	
6,337000e+000	3,184279e+004	
6,338000e+000	3,184284e+004	
6,339000e+000	3,184277e+004	
6,340000e+000	3,184276e+004	
6,341000e+000	3,184275e+004	
6,342000e+000	3,184284e+004	
6,343000e+000	3,184284e+004	
6,344000e+000	3,184282e+004	
6,345000e+000	3,184275e+004	
6,346000e+000	3,184280e+004	
6,347000e+000	3,184283e+004	
6,348000e+000	3,184277e+004	
6,349000e+000	3,184281e+004	
6,350000e+000	3,184279e+004	
6,351000e+000	3,184275e+004	
6,352000e+000	3,184274e+004	
6,353000e+000	3,184280e+004	
6,354000e+000	3,184279e+004	
6,355000e+000	3,184275e+004	
6,356000e+000	3,184274e+004	
6,357000e+000	3,184275e+004	
6,358000e+000	3,184276e+004	
6,359000e+000	3,184272e+004	
6,360000e+000	3,184275e+004	
6,361000e+000	3,184275e+004	
6,362000e+000	3,184271e+004	
6,363000e+000	3,184275e+004	
6,364000e+000	3,184275e+004	
6,365000e+000	3,184270e+004	
6,366000e+000	3,184269e+004	
6,367000e+000	3,184273e+004	
6,368000e+000	3,184267e+004	
6,369000e+000	3,184267e+004	
6,370000e+000	3,184264e+004	
6,371000e+000	3,184270e+004	
6,372000e+000	3,184270e+004	
6,373000e+000	3,184267e+004	
6,374000e+000	3,184267e+004	
6,375000e+000	3,184268e+004	
6,376000e+000	3,184266e+004	
6,377000e+000	3,184263e+004	
6,378000e+000	3,184264e+004	
6,379000e+000	3,184265e+004	
6,380000e+000	3,184264e+004	
6,381000e+000	3,184267e+004	
6,382000e+000	3,184269e+004	
6,383000e+000	3,184267e+004	
6,384000e+000	3,184265e+004	
6,385000e+000	3,184265e+004	
6,386000e+000	3,184264e+004	
6,387000e+000	3,184260e+004	
6,388000e+000	3,184263e+004	
6,389000e+000	3,184263e+004	
6,390000e+000	3,184262e+004	
6,391000e+000	3,184261e+004	
6,392000e+000	3,184263e+004	
6,393000e+000	3,184261e+004	
6,394000e+000	3,184267e+004	
6,395000e+000	3,184262e+004	
6,396000e+000	3,184260e+004	
6,397000e+000	3,184262e+004	
6,398000e+000	3,184266e+004	
6,399000e+000	3,184263e+004	
6,400000e+000	3,184262e+004	
6,401000e+000	3,184260e+004	
6,402000e+000	3,184256e+004	
6,403000e+000	3,184257e+004	
6,404000e+000	3,184261e+004	
6,405000e+000	3,184258e+004	
6,406000e+000	3,184258e+004	
6,407000e+000	3,184259e+004	
6,408000e+000	3,184256e+004	
6,409000e+000	3,184259e+004	
6,410000e+000	3,184264e+004	
6,411000e+000	3,184253e+004	
6,412000e+000	3,184255e+004	
6,413000e+000	3,184258e+004	
6,414000e+000	3,184257e+004	
6,415000e+000	3,184254e+004	
6,416000e+000	3,184257e+004	
6,417000e+000	3,184257e+004	
6,418000e+000	3,184257e+004	
6,419000e+000	3,184258e+004	
6,420000e+000	3,184256e+004	
6,421000e+000	3,184251e+004	
6,422000e+000	3,184241e+004	
6,423000e+000	3,184239e+004	
6,424000e+000	3,184235e+004	
6,425000e+000	3,184231e+004	
6,426000e+000	3,184244e+004	
6,427000e+000	3,184241e+004	
6,428000e+000	3,184240e+004	
6,429000e+000	3,184240e+004	
6,430000e+000	3,184236e+004	
6,431000e+000	3,184238e+004	
6,432000e+000	3,184237e+004	
6,433000e+000	3,184239e+004	
6,434000e+000	3,184240e+004	
6,435000e+000	3,184236e+004	
6,436000e+000	3,184242e+004	
6,437000e+000	3,184240e+004	
6,438000e+000	3,184239e+004	
6,439000e+000	3,184236e+004	
6,440000e+000	3,184234e+004	
6,441000e+000	3,184239e+004	
6,442000e+000	3,184239e+004	
6,443000e+000	3,184238e+004	
6,444000e+000	3,184234e+004	
6,445000e+000	3,184234e+004	
6,446000e+000	3,184236e+004	
6,447000e+000	3,184237e+004	
6,448000e+000	3,184239e+004	
6,449000e+000	3,184238e+004	
6,450000e+000	3,184235e+004	
6,451000e+000	3,184235e+004	
6,452000e+000	3,184238e+004	
6,453000e+000	3,184237e+004	
6,454000e+000	3,184238e+004	
6,455000e+000	3,184237e+004	
6,456000e+000	3,184234e+004	
6,457000e+000	3,184236e+004	
6,458000e+000	3,184234e+004	
6,459000e+000	3,184233e+004	
6,460000e+000	3,184234e+004	
6,461000e+000	3,184234e+004	
6,462000e+000	3,184232e+004	
6,463000e+000	3,184236e+004	
6,464000e+000	3,184238e+004	
6,465000e+000	3,184237e+004	
6,466000e+000	3,184238e+004	
6,467000e+000	3,184236e+004	
6,468000e+000	3,184235e+004	
6,469000e+000	3,184234e+004	
6,470000e+000	3,184233e+004	
6,471000e+000	3,184236e+004	
6,472000e+000	3,184236e+004	
6,473000e+000	3,184236e+004	
6,474000e+000	3,184236e+004	
6,475000e+000	3,184236e+004	
6,476000e+000	3,184233e+004	
6,477000e+000	3,184232e+004	
6,478000e+000	3,184232e+004	
6,479000e+000	3,184236e+004	
6,480000e+000	3,184239e+004	
6,481000e+000	3,184232e+004	
6,482000e+000	3,184233e+004	
6,483000e+000	3,184233e+004	
6,484000e+000	3,184231e+004	
6,485000e+000	3,184235e+004	
6,486000e+000	3,184230e+004	
6,487000e+000	3,184233e+004	
6,488000e+000	3,184233e+004	
6,489000e+000	3,184233e+004	
6,490000e+000	3,184232e+004	
6,491000e+000	3,184231e+004	
6,492000e+000	3,184232e+004	
6,493000e+000	3,184234e+004	
6,494000e+000	3,184231e+004	
6,495000e+000	3,184230e+004	
6,496000e+000	3,184231e+004	
6,497000e+000	3,184231e+004	
6,498000e+000	3,184228e+004	
6,499000e+000	3,184230e+004	
6,500000e+000	3,184234e+004	
6,501000e+000	3,184227e+004	
6,502000e+000	3,184228e+004	
6,503000e+000	3,184229e+004	
6,504000e+000	3,184232e+004	
6,505000e+000	3,184229e+004	
6,506000e+000	3,184232e+004	
6,507000e+000	3,184231e+004	
6,508000e+000	3,184231e+004	
6,509000e+000	3,184231e+004	
6,510000e+000	3,184230e+004	
6,511000e+000	3,184230e+004	
6,512000e+000	3,184228e+004	
6,513000e+000	3,184228e+004	
6,514000e+000	3,184227e+004	
6,515000e+000	3,184227e+004	
6,516000e+000	3,184227e+004	
6,517000e+000	3,184229e+004	
6,518000e+000	3,184230e+004	
6,519000e+000	3,184231e+004	
6,520000e+000	3,184229e+004	
6,521000e+000	3,184228e+004	
6,522000e+000	3,184226e+004	
6,523000e+000	3,184227e+004	
6,524000e+000	3,184229e+004	
6,525000e+000	3,184230e+004	
6,526000e+000	3,184227e+004	
6,527000e+000	3,184225e+004	
6,528000e+000	3,184225e+004	
6,529000e+000	3,184224e+004	
6,530000e+000	3,184228e+004	
6,531000e+000	3,184224e+004	
6,532000e+000	3,184227e+004	
6,533000e+000	3,184228e+004	
6,534000e+000	3,184226e+004	
6,535000e+000	3,184226e+004	
6,536000e+000	3,184226e+004	
6,537000e+000	3,184224e+004	
6,538000e+000	3,184223e+004	
6,539000e+000	3,184224e+004	
6,540000e+000	3,184226e+004	
6,541000e+000	3,184226e+004	
6,542000e+000	3,184225e+004	
6,543000e+000	3,184228e+004	
6,544000e+000	3,184227e+004	
6,545000e+000	3,184226e+004	
6,546000e+000	3,184222e+004	
6,547000e+000	3,184224e+004	
6,548000e+000	3,184226e+004	
6,549000e+000	3,184224e+004	
6,550000e+000	3,184225e+004	
6,551000e+000	3,184226e+004	
6,552000e+000	3,184224e+004	
6,553000e+000	3,184225e+004	
6,554000e+000	3,184226e+004	
6,555000e+000	3,184225e+004	
6,556000e+000	3,184223e+004	
6,557000e+000	3,184224e+004	
6,558000e+000	3,184226e+004	
6,559000e+000	3,184226e+004	
6,560000e+000	3,184225e+004	
6,561000e+000	3,184224e+004	
6,562000e+000	3,184223e+004	
6,563000e+000	3,184223e+004	
6,564000e+000	3,184225e+004	
6,565000e+000	3,184222e+004	
6,566000e+000	3,184224e+004	
6,567000e+000	3,184221e+004	
6,568000e+000	3,184221e+004	
6,569000e+000	3,184224e+004	
6,570000e+000	3,184224e+004	
6,571000e+000	3,184227e+004	
6,572000e+000	3,184227e+004	
6,573000e+000	3,184226e+004	
6,574000e+000	3,184224e+004	
6,575000e+000	3,184225e+004	
6,576000e+000	3,184225e+004	
6,577000e+000	3,184225e+004	
6,578000e+000	3,184223e+004	
6,579000e+000	3,184222e+004	
6,580000e+000	3,184226e+004	
6,581000e+000	3,184226e+004	
6,582000e+000	3,184225e+004	
6,583000e+000	3,184222e+004	
6,584000e+000	3,184223e+004	
6,585000e+000	3,184226e+004	
6,586000e+000	3,184226e+004	
6,587000e+000	3,184225e+004	
6,588000e+000	3,184222e+004	
6,589000e+000	3,184226e+004	
6,590000e+000	3,184227e+004	
6,591000e+000	3,184221e+004	
6,592000e+000	3,184222e+004	
6,593000e+000	3,184223e+004	
6,594000e+000	3,184223e+004	
6,595000e+000	3,184225e+004	
6,596000e+000	3,184224e+004	
6,597000e+000	3,184221e+004	
6,598000e+000	3,184224e+004	
6,599000e+000	3,184223e+004	
6,600000e+000	3,184223e+004	
6,601000e+000	3,184221e+004	
6,602000e+000	3,184222e+004	
6,603000e+000	3,184225e+004	
6,604000e+000	3,184221e+004	
6,605000e+000	3,184223e+004	
6,606000e+000	3,184221e+004	
6,607000e+000	3,184224e+004	
6,608000e+000	3,184225e+004	
6,609000e+000	3,184224e+004	
6,610000e+000	3,184224e+004	
6,611000e+000	3,184222e+004	
6,612000e+000	3,184221e+004	
6,613000e+000	3,184221e+004	
6,614000e+000	3,184222e+004	
6,615000e+000	3,184222e+004	
6,616000e+000	3,184223e+004	
6,617000e+000	3,184222e+004	
6,618000e+000	3,184222e+004	
6,619000e+000	3,184223e+004	
6,620000e+000	3,184223e+004	
6,621000e+000	3,184222e+004	
6,622000e+000	3,184222e+004	
6,623000e+000	3,184220e+004	
6,624000e+000	3,184219e+004	
6,625000e+000	3,184221e+004	
6,626000e+000	3,184218e+004	
6,627000e+000	3,184221e+004	
6,628000e+000	3,184222e+004	
6,629000e+000	3,184222e+004	
6,630000e+000	3,184220e+004	
6,631000e+000	3,184220e+004	
6,632000e+000	3,184219e+004	
6,633000e+000	3,184221e+004	
6,634000e+000	3,184222e+004	
6,635000e+000	3,184220e+004	
6,636000e+000	3,184220e+004	
6,637000e+000	3,184221e+004	
6,638000e+000	3,184220e+004	
6,639000e+000	3,184221e+004	
6,640000e+000	3,184223e+004	
6,641000e+000	3,184223e+004	
6,642000e+000	3,184222e+004	
6,643000e+000	3,184221e+004	
6,644000e+000	3,184219e+004	
6,645000e+000	3,184219e+004	
6,646000e+000	3,184223e+004	
6,647000e+000	3,184222e+004	
6,648000e+000	3,184219e+004	
6,649000e+000	3,184219e+004	
6,650000e+000	3,184217e+004	
6,651000e+000	3,184223e+004	
6,652000e+000	3,184221e+004	
6,653000e+000	3,184222e+004	
6,654000e+000	3,184221e+004	
6,655000e+000	3,184219e+004	
6,656000e+000	3,184221e+004	
6,657000e+000	3,184220e+004	
6,658000e+000	3,184221e+004	
6,659000e+000	3,184221e+004	
6,660000e+000	3,184217e+004	
6,661000e+000	3,184220e+004	
6,662000e+000	3,184220e+004	
6,663000e+000	3,184218e+004	
6,664000e+000	3,184220e+004	
6,665000e+000	3,184220e+004	
6,666000e+000	3,184218e+004	
6,667000e+000	3,184217e+004	
6,668000e+000	3,184217e+004	
6,669000e+000	3,184217e+004	
6,670000e+000	3,184216e+004	
6,671000e+000	3,184219e+004	
6,672000e+000	3,184217e+004	
6,673000e+000	3,184217e+004	
6,674000e+000	3,184219e+004	
6,675000e+000	3,184221e+004	
6,676000e+000	3,184220e+004	
6,677000e+000	3,184220e+004	
6,678000e+000	3,184218e+004	
6,679000e+000	3,184215e+004	
6,680000e+000	3,184215e+004	
6,681000e+000	3,184219e+004	
6,682000e+000	3,184217e+004	
6,683000e+000	3,184219e+004	
6,684000e+000	3,184219e+004	
6,685000e+000	3,184218e+004	
6,686000e+000	3,184218e+004	
6,687000e+000	3,184218e+004	
6,688000e+000	3,184218e+004	
6,689000e+000	3,184220e+004	
6,690000e+000	3,184217e+004	
6,691000e+000	3,184218e+004	
6,692000e+000	3,184215e+004	
6,693000e+000	3,184216e+004	
6,694000e+000	3,184218e+004	
6,695000e+000	3,184220e+004	
6,696000e+000	3,184220e+004	
6,697000e+000	3,184218e+004	
6,698000e+000	3,184215e+004	
6,699000e+000	3,184217e+004	
6,700000e+000	3,184219e+004	
6,701000e+000	3,184216e+004	
6,702000e+000	3,184218e+004	
6,703000e+000	3,184218e+004	
6,704000e+000	3,184217e+004	
6,705000e+000	3,184217e+004	
6,706000e+000	3,184214e+004	
6,707000e+000	3,184216e+004	
6,708000e+000	3,184218e+004	
6,709000e+000	3,184217e+004	
6,710000e+000	3,184217e+004	
6,711000e+000	3,184217e+004	
6,712000e+000	3,184219e+004	
6,713000e+000	3,184219e+004	
6,714000e+000	3,184219e+004	
6,715000e+000	3,184221e+004	
6,716000e+000	3,184217e+004	
6,717000e+000	3,184219e+004	
6,718000e+000	3,184219e+004	
6,719000e+000	3,184220e+004	
6,720000e+000	3,184221e+004	
6,721000e+000	3,184218e+004	
6,722000e+000	3,184215e+004	
6,723000e+000	3,184217e+004	
6,724000e+000	3,184219e+004	
6,725000e+000	3,184218e+004	
6,726000e+000	3,184215e+004	
6,727000e+000	3,184216e+004	
6,728000e+000	3,184215e+004	
6,729000e+000	3,184216e+004	
6,730000e+000	3,184220e+004	
6,731000e+000	3,184215e+004	
6,732000e+000	3,184217e+004	
6,733000e+000	3,184216e+004	
6,734000e+000	3,184214e+004	
6,735000e+000	3,184216e+004	
6,736000e+000	3,184212e+004	
6,737000e+000	3,184214e+004	
6,738000e+000	3,184216e+004	
6,739000e+000	3,184215e+004	
6,740000e+000	3,184215e+004	
6,741000e+000	3,184213e+004	
6,742000e+000	3,184216e+004	
6,743000e+000	3,184218e+004	
6,744000e+000	3,184217e+004	
6,745000e+000	3,184217e+004	
6,746000e+000	3,184216e+004	
6,747000e+000	3,184214e+004	
6,748000e+000	3,184216e+004	
6,749000e+000	3,184218e+004	
6,750000e+000	3,184218e+004	
6,751000e+000	3,184214e+004	
6,752000e+000	3,184218e+004	
6,753000e+000	3,184216e+004	
6,754000e+000	3,184216e+004	
6,755000e+000	3,184218e+004	
6,756000e+000	3,184213e+004	
6,757000e+000	3,184215e+004	
6,758000e+000	3,184214e+004	
6,759000e+000	3,184212e+004	
6,760000e+000	3,184216e+004	
6,761000e+000	3,184214e+004	
6,762000e+000	3,184215e+004	
6,763000e+000	3,184216e+004	
6,764000e+000	3,184216e+004	
6,765000e+000	3,184213e+004	
6,766000e+000	3,184215e+004	
6,767000e+000	3,184213e+004	
6,768000e+000	3,184213e+004	
6,769000e+000	3,184213e+004	
6,770000e+000	3,184213e+004	
6,771000e+000	3,184215e+004	
6,772000e+000	3,184215e+004	
6,773000e+000	3,184214e+004	
6,774000e+000	3,184215e+004	
6,775000e+000	3,184212e+004	
6,776000e+000	3,184218e+004	
6,777000e+000	3,184218e+004	
6,778000e+000	3,184217e+004	
6,779000e+000	3,184214e+004	
6,780000e+000	3,184210e+004	
6,781000e+000	3,184217e+004	
6,782000e+000	3,184216e+004	
6,783000e+000	3,184215e+004	
6,784000e+000	3,184216e+004	
6,785000e+000	3,184217e+004	
6,786000e+000	3,184219e+004	
6,787000e+000	3,184220e+004	
6,788000e+000	3,184215e+004	
6,789000e+000	3,184214e+004	
6,790000e+000	3,184216e+004	
6,791000e+000	3,184216e+004	
6,792000e+000	3,184217e+004	
6,793000e+000	3,184215e+004	
6,794000e+000	3,184214e+004	
6,795000e+000	3,184216e+004	
6,796000e+000	3,184216e+004	
6,797000e+000	3,184217e+004	
6,798000e+000	3,184216e+004	
6,799000e+000	3,184215e+004	
6,800000e+000	3,184213e+004	
6,801000e+000	3,184210e+004	
6,802000e+000	3,184213e+004	
6,803000e+000	3,184213e+004	
6,804000e+000	3,184213e+004	
6,805000e+000	3,184218e+004	
6,806000e+000	3,184215e+004	
6,807000e+000	3,184213e+004	
6,808000e+000	3,184213e+004	
6,809000e+000	3,184215e+004	
6,810000e+000	3,184211e+004	
6,811000e+000	3,184214e+004	
6,812000e+000	3,184214e+004	
6,813000e+000	3,184213e+004	
6,814000e+000	3,184212e+004	
6,815000e+000	3,184214e+004	
6,816000e+000	3,184215e+004	
6,817000e+000	3,184217e+004	
6,818000e+000	3,184214e+004	
6,819000e+000	3,184214e+004	
6,820000e+000	3,184213e+004	
6,821000e+000	3,184217e+004	
6,822000e+000	3,184215e+004	
6,823000e+000	3,184214e+004	
6,824000e+000	3,184214e+004	
6,825000e+000	3,184212e+004	
6,826000e+000	3,184218e+004	
6,827000e+000	3,184217e+004	
6,828000e+000	3,184214e+004	
6,829000e+000	3,184212e+004	
6,830000e+000	3,184213e+004	
6,831000e+000	3,184215e+004	
6,832000e+000	3,184217e+004	
6,833000e+000	3,184215e+004	
6,834000e+000	3,184214e+004	
6,835000e+000	3,184213e+004	
6,836000e+000	3,184215e+004	
6,837000e+000	3,184215e+004	
6,838000e+000	3,184212e+004	
6,839000e+000	3,184209e+004	
6,840000e+000	3,184211e+004	
6,841000e+000	3,184215e+004	
6,842000e+000	3,184217e+004	
6,843000e+000	3,184217e+004	
6,844000e+000	3,184214e+004	
6,845000e+000	3,184213e+004	
6,846000e+000	3,184214e+004	
6,847000e+000	3,184216e+004	
6,848000e+000	3,184218e+004	
6,849000e+000	3,184214e+004	
6,850000e+000	3,184215e+004	
6,851000e+000	3,184213e+004	
6,852000e+000	3,184214e+004	
6,853000e+000	3,184214e+004	
6,854000e+000	3,184218e+004	
6,855000e+000	3,184217e+004	
6,856000e+000	3,184211e+004	
6,857000e+000	3,184211e+004	
6,858000e+000	3,184212e+004	
6,859000e+000	3,184212e+004	
6,860000e+000	3,184216e+004	
6,861000e+000	3,184211e+004	
6,862000e+000	3,184210e+004	
6,863000e+000	3,184210e+004	
6,864000e+000	3,184214e+004	
6,865000e+000	3,184215e+004	
6,866000e+000	3,184215e+004	
6,867000e+000	3,184213e+004	
6,868000e+000	3,184212e+004	
6,869000e+000	3,184214e+004	
6,870000e+000	3,184213e+004	
6,871000e+000	3,184212e+004	
6,872000e+000	3,184213e+004	
6,873000e+000	3,184212e+004	
6,874000e+000	3,184214e+004	
6,875000e+000	3,184216e+004	
6,876000e+000	3,184213e+004	
6,877000e+000	3,184214e+004	
6,878000e+000	3,184214e+004	
6,879000e+000	3,184212e+004	
6,880000e+000	3,184211e+004	
6,881000e+000	3,184215e+004	
6,882000e+000	3,184212e+004	
6,883000e+000	3,184213e+004	
6,884000e+000	3,184214e+004	
6,885000e+000	3,184214e+004	
6,886000e+000	3,184214e+004	
6,887000e+000	3,184212e+004	
6,888000e+000	3,184211e+004	
6,889000e+000	3,184213e+004	
6,890000e+000	3,184212e+004	
6,891000e+000	3,184216e+004	
6,892000e+000	3,184216e+004	
6,893000e+000	3,184215e+004	
6,894000e+000	3,184214e+004	
6,895000e+000	3,184211e+004	
6,896000e+000	3,184214e+004	
6,897000e+000	3,184213e+004	
6,898000e+000	3,184213e+004	
6,899000e+000	3,184215e+004	
6,900000e+000	3,184214e+004	
6,901000e+000	3,184216e+004	
6,902000e+000	3,184214e+004	
6,903000e+000	3,184216e+004	
6,904000e+000	3,184215e+004	
6,905000e+000	3,184213e+004	
6,906000e+000	3,184212e+004	
6,907000e+000	3,184213e+004	
6,908000e+000	3,184217e+004	
6,909000e+000	3,184215e+004	
6,910000e+000	3,184214e+004	
6,911000e+000	3,184216e+004	
6,912000e+000	3,184216e+004	
6,913000e+000	3,184217e+004	
6,914000e+000	3,184214e+004	
6,915000e+000	3,184214e+004	
6,916000e+000	3,184213e+004	
6,917000e+000	3,184213e+004	
6,918000e+000	3,184214e+004	
6,919000e+000	3,184213e+004	
6,920000e+000	3,184214e+004	
6,921000e+000	3,184215e+004	
6,920000e+000	3,184213e+004	
6,919000e+000	3,184212e+004	
6,918000e+000	3,184213e+004	
6,917000e+000	3,184215e+004	
6,916000e+000	3,184213e+004	
6,915000e+000	3,184213e+004	
6,914000e+000	3,184210e+004	
6,913000e+000	3,184208e+004	
6,912000e+000	3,184210e+004	
6,911000e+000	3,184213e+004	
6,910000e+000	3,184216e+004	
6,909000e+000	3,184215e+004	
6,908000e+000	3,184212e+004	
6,907000e+000	3,184210e+004	
6,906000e+000	3,184212e+004	
6,905000e+000	3,184215e+004	
6,904000e+000	3,184216e+004	
6,903000e+000	3,184214e+004	
6,902000e+000	3,184211e+004	
6,901000e+000	3,184208e+004	
6,900000e+000	3,184213e+004	
6,899000e+000	3,184214e+004	
6,898000e+000	3,184214e+004	
6,897000e+000	3,184211e+004	
6,896000e+000	3,184211e+004	
6,895000e+000	3,184211e+004	
6,894000e+000	3,184214e+004	
6,893000e+000	3,184213e+004	
6,892000e+000	3,184212e+004	
6,891000e+000	3,184211e+004	
6,890000e+000	3,184216e+004	
6,889000e+000	3,184214e+004	
6,888000e+000	3,184214e+004	
6,887000e+000	3,184214e+004	
6,886000e+000	3,184210e+004	
6,885000e+000	3,184213e+004	
6,884000e+000	3,184214e+004	
6,883000e+000	3,184214e+004	
6,882000e+000	3,184216e+004	
6,881000e+000	3,184212e+004	
6,880000e+000	3,184212e+004	
6,879000e+000	3,184213e+004	
6,878000e+000	3,184215e+004	
6,877000e+000	3,184214e+004	
6,876000e+000	3,184215e+004	
6,875000e+000	3,184212e+004	
6,874000e+000	3,184211e+004	
6,873000e+000	3,184213e+004	
6,872000e+000	3,184214e+004	
6,871000e+000	3,184211e+004	
6,870000e+000	3,184214e+004	
6,869000e+000	3,184212e+004	
6,868000e+000	3,184215e+004	
6,867000e+000	3,184216e+004	
6,866000e+000	3,184212e+004	
6,865000e+000	3,184213e+004	
6,864000e+000	3,184211e+004	
6,863000e+000	3,184211e+004	
6,862000e+000	3,184213e+004	
6,861000e+000	3,184214e+004	
6,860000e+000	3,184216e+004	
6,859000e+000	3,184215e+004	
6,858000e+000	3,184212e+004	
6,857000e+000	3,184213e+004	
6,856000e+000	3,184214e+004	
6,855000e+000	3,184216e+004	
6,854000e+000	3,184216e+004	
6,853000e+000	3,184212e+004	
6,852000e+000	3,184211e+004	
6,851000e+000	3,184212e+004	
6,850000e+000	3,184217e+004	
6,849000e+000	3,184216e+004	
6,848000e+000	3,184216e+004	
6,847000e+000	3,184214e+004	
6,846000e+000	3,184214e+004	
6,845000e+000	3,184215e+004	
6,844000e+000	3,184213e+004	
6,843000e+000	3,184210e+004	
6,842000e+000	3,184213e+004	
6,841000e+000	3,184212e+004	
6,840000e+000	3,184215e+004	
6,839000e+000	3,184213e+004	
6,838000e+000	3,184215e+004	
6,837000e+000	3,184217e+004	
6,836000e+000	3,184218e+004	
6,835000e+000	3,184214e+004	
6,834000e+000	3,184215e+004	
6,833000e+000	3,184213e+004	
6,832000e+000	3,184215e+004	
6,831000e+000	3,184217e+004	
6,830000e+000	3,184212e+004	
6,829000e+000	3,184212e+004	
6,828000e+000	3,184216e+004	
6,827000e+000	3,184219e+004	
6,826000e+000	3,184220e+004	
6,825000e+000	3,184213e+004	
6,824000e+000	3,184212e+004	
6,823000e+000	3,184213e+004	
6,822000e+000	3,184215e+004	
6,821000e+000	3,184215e+004	
6,820000e+000	3,184215e+004	
6,819000e+000	3,184217e+004	
6,818000e+000	3,184219e+004	
6,817000e+000	3,184218e+004	
6,816000e+000	3,184215e+004	
6,815000e+000	3,184215e+004	
6,814000e+000	3,184215e+004	
6,813000e+000	3,184216e+004	
6,812000e+000	3,184216e+004	
6,811000e+000	3,184215e+004	
6,810000e+000	3,184214e+004	
6,809000e+000	3,184215e+004	
6,808000e+000	3,184213e+004	
6,807000e+000	3,184216e+004	
6,806000e+000	3,184217e+004	
6,805000e+000	3,184217e+004	
6,804000e+000	3,184217e+004	
6,803000e+000	3,184218e+004	
6,802000e+000	3,184213e+004	
6,801000e+000	3,184213e+004	
6,800000e+000	3,184217e+004	
6,799000e+000	3,184218e+004	
6,798000e+000	3,184217e+004	
6,797000e+000	3,184215e+004	
6,796000e+000	3,184218e+004	
6,795000e+000	3,184215e+004	
6,794000e+000	3,184215e+004	
6,793000e+000	3,184217e+004	
6,792000e+000	3,184215e+004	
6,791000e+000	3,184214e+004	
6,790000e+000	3,184212e+004	
6,789000e+000	3,184214e+004	
6,788000e+000	3,184214e+004	
6,787000e+000	3,184218e+004	
6,786000e+000	3,184218e+004	
6,785000e+000	3,184214e+004	
6,784000e+000	3,184214e+004	
6,783000e+000	3,184213e+004	
6,782000e+000	3,184213e+004	
6,781000e+000	3,184217e+004	
6,780000e+000	3,184213e+004	
6,779000e+000	3,184215e+004	
6,778000e+000	3,184213e+004	
6,777000e+000	3,184214e+004	
6,776000e+000	3,184218e+004	
6,775000e+000	3,184215e+004	
6,774000e+000	3,184216e+004	
6,773000e+000	3,184218e+004	
6,772000e+000	3,184217e+004	
6,771000e+000	3,184214e+004	
6,770000e+000	3,184214e+004	
6,769000e+000	3,184215e+004	
6,768000e+000	3,184216e+004	
6,767000e+000	3,184216e+004	
6,766000e+000	3,184215e+004	
6,765000e+000	3,184215e+004	
6,764000e+000	3,184218e+004	
6,763000e+000	3,184218e+004	
6,762000e+000	3,184216e+004	
6,761000e+000	3,184217e+004	
6,760000e+000	3,184215e+004	
6,759000e+000	3,184213e+004	
6,758000e+000	3,184214e+004	
6,757000e+000	3,184217e+004	
6,756000e+000	3,184215e+004	
6,755000e+000	3,184216e+004	
6,754000e+000	3,184219e+004	
6,753000e+000	3,184220e+004	
6,752000e+000	3,184219e+004	
6,751000e+000	3,184218e+004	
6,750000e+000	3,184218e+004	
6,749000e+000	3,184217e+004	
6,748000e+000	3,184219e+004	
6,747000e+000	3,184217e+004	
6,746000e+000	3,184216e+004	
6,745000e+000	3,184214e+004	
6,744000e+000	3,184216e+004	
6,743000e+000	3,184216e+004	
6,742000e+000	3,184217e+004	
6,741000e+000	3,184217e+004	
6,740000e+000	3,184219e+004	
6,739000e+000	3,184218e+004	
6,738000e+000	3,184216e+004	
6,737000e+000	3,184215e+004	
6,736000e+000	3,184216e+004	
6,735000e+000	3,184217e+004	
6,734000e+000	3,184219e+004	
6,733000e+000	3,184215e+004	
6,732000e+000	3,184214e+004	
6,731000e+000	3,184217e+004	
6,730000e+000	3,184217e+004	
6,729000e+000	3,184215e+004	
6,728000e+000	3,184213e+004	
6,727000e+000	3,184213e+004	
6,726000e+000	3,184216e+004	
6,725000e+000	3,184214e+004	
6,724000e+000	3,184216e+004	
6,723000e+000	3,184217e+004	
6,722000e+000	3,184215e+004	
6,721000e+000	3,184216e+004	
6,720000e+000	3,184218e+004	
6,719000e+000	3,184218e+004	
6,718000e+000	3,184215e+004	
6,717000e+000	3,184214e+004	
6,716000e+000	3,184215e+004	
6,715000e+000	3,184218e+004	
6,714000e+000	3,184217e+004	
6,713000e+000	3,184219e+004	
6,712000e+000	3,184219e+004	
6,711000e+000	3,184221e+004	
6,710000e+000	3,184219e+004	
6,709000e+000	3,184220e+004	
6,708000e+000	3,184217e+004	
6,707000e+000	3,184216e+004	
6,706000e+000	3,184217e+004	
6,705000e+000	3,184219e+004	
6,704000e+000	3,184216e+004	
6,703000e+000	3,184218e+004	
6,702000e+000	3,184219e+004	
6,701000e+000	3,184215e+004	
6,700000e+000	3,184218e+004	
6,699000e+000	3,184219e+004	
6,698000e+000	3,184219e+004	
6,697000e+000	3,184220e+004	
6,696000e+000	3,184217e+004	
6,695000e+000	3,184218e+004	
6,694000e+000	3,184219e+004	
6,693000e+000	3,184216e+004	
6,692000e+000	3,184217e+004	
6,691000e+000	3,184218e+004	
6,690000e+000	3,184220e+004	
6,689000e+000	3,184218e+004	
6,688000e+000	3,184217e+004	
6,687000e+000	3,184216e+004	
6,686000e+000	3,184218e+004	
6,685000e+000	3,184222e+004	
6,684000e+000	3,184222e+004	
6,683000e+000	3,184217e+004	
6,682000e+000	3,184217e+004	
6,681000e+000	3,184217e+004	
6,680000e+000	3,184218e+004	
6,679000e+000	3,184219e+004	
6,678000e+000	3,184222e+004	
6,677000e+000	3,184220e+004	
6,676000e+000	3,184219e+004	
6,675000e+000	3,184220e+004	
6,674000e+000	3,184218e+004	
6,673000e+000	3,184220e+004	
6,672000e+000	3,184219e+004	
6,671000e+000	3,184219e+004	
6,670000e+000	3,184220e+004	
6,669000e+000	3,184220e+004	
6,668000e+000	3,184220e+004	
6,667000e+000	3,184217e+004	
6,666000e+000	3,184220e+004	
6,665000e+000	3,184221e+004	
6,664000e+000	3,184218e+004	
6,663000e+000	3,184220e+004	
6,662000e+000	3,184215e+004	
6,661000e+000	3,184219e+004	
6,660000e+000	3,184217e+004	
6,659000e+000	3,184220e+004	
6,658000e+000	3,184220e+004	
6,657000e+000	3,184217e+004	
6,656000e+000	3,184220e+004	
6,655000e+000	3,184220e+004	
6,654000e+000	3,184220e+004	
6,653000e+000	3,184220e+004	
6,652000e+000	3,184220e+004	
6,651000e+000	3,184220e+004	
6,650000e+000	3,184218e+004	
6,649000e+000	3,184215e+004	
6,648000e+000	3,184216e+004	
6,647000e+000	3,184218e+004	
6,646000e+000	3,184219e+004	
6,645000e+000	3,184218e+004	
6,644000e+000	3,184219e+004	
6,643000e+000	3,184218e+004	
6,642000e+000	3,184220e+004	
6,641000e+000	3,184219e+004	
6,640000e+000	3,184221e+004	
6,639000e+000	3,184218e+004	
6,638000e+000	3,184218e+004	
6,637000e+000	3,184220e+004	
6,636000e+000	3,184220e+004	
6,635000e+000	3,184223e+004	
6,634000e+000	3,184219e+004	
6,633000e+000	3,184218e+004	
6,632000e+000	3,184219e+004	
6,631000e+000	3,184219e+004	
6,630000e+000	3,184219e+004	
6,629000e+000	3,184219e+004	
6,628000e+000	3,184217e+004	
6,627000e+000	3,184217e+004	
6,626000e+000	3,184219e+004	
6,625000e+000	3,184220e+004	
6,624000e+000	3,184219e+004	
6,623000e+000	3,184221e+004	
6,622000e+000	3,184221e+004	
6,621000e+000	3,184219e+004	
6,620000e+000	3,184216e+004	
6,619000e+000	3,184218e+004	
6,618000e+000	3,184219e+004	
6,617000e+000	3,184223e+004	
6,616000e+000	3,184221e+004	
6,615000e+000	3,184219e+004	
6,614000e+000	3,184219e+004	
6,613000e+000	3,184220e+004	
6,612000e+000	3,184225e+004	
6,611000e+000	3,184222e+004	
6,610000e+000	3,184220e+004	
6,609000e+000	3,184220e+004	
6,608000e+000	3,184218e+004	
6,607000e+000	3,184222e+004	
6,606000e+000	3,184223e+004	
6,605000e+000	3,184223e+004	
6,604000e+000	3,184222e+004	
6,603000e+000	3,184222e+004	
6,602000e+000	3,184225e+004	
6,601000e+000	3,184222e+004	
6,600000e+000	3,184222e+004	
6,599000e+000	3,184224e+004	
6,598000e+000	3,184220e+004	
6,597000e+000	3,184221e+004	
6,596000e+000	3,184222e+004	
6,595000e+000	3,184223e+004	
6,594000e+000	3,184222e+004	
6,593000e+000	3,184223e+004	
6,592000e+000	3,184223e+004	
6,591000e+000	3,184225e+004	
6,590000e+000	3,184226e+004	
6,589000e+000	3,184224e+004	
6,588000e+000	3,184223e+004	
6,587000e+000	3,184221e+004	
6,586000e+000	3,184222e+004	
6,585000e+000	3,184224e+004	
6,584000e+000	3,184225e+004	
6,583000e+000	3,184224e+004	
6,582000e+000	3,184222e+004	
6,581000e+000	3,184222e+004	
6,580000e+000	3,184224e+004	
6,579000e+000	3,184225e+004	
6,578000e+000	3,184227e+004	
6,577000e+000	3,184224e+004	
6,576000e+000	3,184223e+004	
6,575000e+000	3,184222e+004	
6,574000e+000	3,184222e+004	
6,573000e+000	3,184224e+004	
6,572000e+000	3,184224e+004	
6,571000e+000	3,184221e+004	
6,570000e+000	3,184228e+004	
6,569000e+000	3,184228e+004	
6,568000e+000	3,184226e+004	
6,567000e+000	3,184225e+004	
6,566000e+000	3,184224e+004	
6,565000e+000	3,184226e+004	
6,564000e+000	3,184227e+004	
6,563000e+000	3,184229e+004	
6,562000e+000	3,184227e+004	
6,561000e+000	3,184224e+004	
6,560000e+000	3,184224e+004	
6,559000e+000	3,184226e+004	
6,558000e+000	3,184225e+004	
6,557000e+000	3,184224e+004	
6,556000e+000	3,184223e+004	
6,555000e+000	3,184228e+004	
6,554000e+000	3,184225e+004	
6,553000e+000	3,184224e+004	
6,552000e+000	3,184225e+004	
6,551000e+000	3,184227e+004	
6,550000e+000	3,184226e+004	
6,549000e+000	3,184227e+004	
6,548000e+000	3,184224e+004	
6,547000e+000	3,184224e+004	
6,546000e+000	3,184224e+004	
6,545000e+000	3,184231e+004	
6,544000e+000	3,184228e+004	
6,543000e+000	3,184227e+004	
6,542000e+000	3,184223e+004	
6,541000e+000	3,184223e+004	
6,540000e+000	3,184227e+004	
6,539000e+000	3,184227e+004	
6,538000e+000	3,184225e+004	
6,537000e+000	3,184226e+004	
6,536000e+000	3,184227e+004	
6,535000e+000	3,184227e+004	
6,534000e+000	3,184228e+004	
6,533000e+000	3,184227e+004	
6,532000e+000	3,184229e+004	
6,531000e+000	3,184225e+004	
6,530000e+000	3,184228e+004	
6,529000e+000	3,184229e+004	
6,528000e+000	3,184229e+004	
6,527000e+000	3,184226e+004	
6,526000e+000	3,184227e+004	
6,525000e+000	3,184229e+004	
6,524000e+000	3,184228e+004	
6,523000e+000	3,184230e+004	
6,522000e+000	3,184228e+004	
6,521000e+000	3,184227e+004	
6,520000e+000	3,184232e+004	
6,519000e+000	3,184229e+004	
6,518000e+000	3,184230e+004	
6,517000e+000	3,184228e+004	
6,516000e+000	3,184227e+004	
6,515000e+000	3,184230e+004	
6,514000e+000	3,184232e+004	
6,513000e+000	3,184229e+004	
6,512000e+000	3,184228e+004	
6,511000e+000	3,184229e+004	
6,510000e+000	3,184232e+004	
6,509000e+000	3,184231e+004	
6,508000e+000	3,184232e+004	
6,507000e+000	3,184232e+004	
6,506000e+000	3,184229e+004	
6,505000e+000	3,184232e+004	
6,504000e+000	3,184229e+004	
6,503000e+000	3,184228e+004	
6,502000e+000	3,184230e+004	
6,501000e+000	3,184229e+004	
6,500000e+000	3,184234e+004	
6,499000e+000	3,184233e+004	
6,498000e+000	3,184233e+004	
6,497000e+000	3,184230e+004	
6,496000e+000	3,184229e+004	
6,495000e+000	3,184232e+004	
6,494000e+000	3,184234e+004	
6,493000e+000	3,184233e+004	
6,492000e+000	3,184231e+004	
6,491000e+000	3,184228e+004	
6,490000e+000	3,184228e+004	
6,489000e+000	3,184230e+004	
6,488000e+000	3,184232e+004	
6,487000e+000	3,184230e+004	
6,486000e+000	3,184228e+004	
6,485000e+000	3,184230e+004	
6,484000e+000	3,184234e+004	
6,483000e+000	3,184232e+004	
6,482000e+000	3,184230e+004	
6,481000e+000	3,184232e+004	
6,480000e+000	3,184233e+004	
6,479000e+000	3,184235e+004	
6,478000e+000	3,184230e+004	
6,477000e+000	3,184229e+004	
6,476000e+000	3,184232e+004	
6,475000e+000	3,184232e+004	
6,474000e+000	3,184236e+004	
6,473000e+000	3,184234e+004	
6,472000e+000	3,184235e+004	
6,471000e+000	3,184231e+004	
6,470000e+000	3,184235e+004	
6,469000e+000	3,184235e+004	
6,468000e+000	3,184234e+004	
6,467000e+000	3,184231e+004	
6,466000e+000	3,184229e+004	
6,465000e+000	3,184232e+004	
6,464000e+000	3,184235e+004	
6,463000e+000	3,184233e+004	
6,462000e+000	3,184235e+004	
6,461000e+000	3,184235e+004	
6,460000e+000	3,184235e+004	
6,459000e+000	3,184237e+004	
6,458000e+000	3,184238e+004	
6,457000e+000	3,184234e+004	
6,456000e+000	3,184236e+004	
6,455000e+000	3,184238e+004	
6,454000e+000	3,184234e+004	
6,453000e+000	3,184235e+004	
6,452000e+000	3,184235e+004	
6,451000e+000	3,184237e+004	
6,450000e+000	3,184234e+004	
6,449000e+000	3,184233e+004	
6,448000e+000	3,184236e+004	
6,447000e+000	3,184235e+004	
6,446000e+000	3,184236e+004	
6,445000e+000	3,184237e+004	
6,444000e+000	3,184236e+004	
6,443000e+000	3,184236e+004	
6,442000e+000	3,184237e+004	
6,441000e+000	3,184237e+004	
6,440000e+000	3,184239e+004	
6,439000e+000	3,184239e+004	
6,438000e+000	3,184239e+004	
6,437000e+000	3,184237e+004	
6,436000e+000	3,184236e+004	
6,435000e+000	3,184235e+004	
6,434000e+000	3,184239e+004	
6,433000e+000	3,184240e+004	
6,432000e+000	3,184238e+004	
6,431000e+000	3,184238e+004	
6,430000e+000	3,184239e+004	
6,429000e+000	3,184239e+004	
6,428000e+000	3,184241e+004	
6,427000e+000	3,184242e+004	
6,426000e+000	3,184239e+004	
6,425000e+000	3,184239e+004	
6,424000e+000	3,184236e+004	
6,423000e+000	3,184238e+004	
6,422000e+000	3,184241e+004	
6,421000e+000	3,184240e+004	
6,420000e+000	3,184236e+004	
6,419000e+000	3,184240e+004	
6,418000e+000	3,184241e+004	
6,417000e+000	3,184239e+004	
6,416000e+000	3,184242e+004	
6,415000e+000	3,184240e+004	
6,414000e+000	3,184237e+004	
6,413000e+000	3,184237e+004	
6,412000e+000	3,184238e+004	
6,411000e+000	3,184239e+004	
6,410000e+000	3,184254e+004	
6,409000e+000	3,184250e+004	
6,408000e+000	3,184252e+004	
6,407000e+000	3,184252e+004	
6,406000e+000	3,184249e+004	
6,405000e+000	3,184256e+004	
6,404000e+000	3,184255e+004	
6,403000e+000	3,184255e+004	
6,402000e+000	3,184257e+004	
6,401000e+000	3,184259e+004	
6,400000e+000	3,184261e+004	
6,399000e+000	3,184260e+004	
6,398000e+000	3,184257e+004	
6,397000e+000	3,184257e+004	
6,396000e+000	3,184257e+004	
6,395000e+000	3,184258e+004	
6,394000e+000	3,184256e+004	
6,393000e+000	3,184259e+004	
6,392000e+000	3,184259e+004	
6,391000e+000	3,184260e+004	
6,390000e+000	3,184262e+004	
6,389000e+000	3,184263e+004	
6,388000e+000	3,184267e+004	
6,387000e+000	3,184265e+004	
6,386000e+000	3,184262e+004	
6,385000e+000	3,184264e+004	
6,384000e+000	3,184265e+004	
6,383000e+000	3,184265e+004	
6,382000e+000	3,184264e+004	
6,381000e+000	3,184263e+004	
6,380000e+000	3,184265e+004	
6,379000e+000	3,184264e+004	
6,378000e+000	3,184263e+004	
6,377000e+000	3,184264e+004	
6,376000e+000	3,184263e+004	
6,375000e+000	3,184265e+004	
6,374000e+000	3,184266e+004	
6,373000e+000	3,184264e+004	
6,372000e+000	3,184264e+004	
6,371000e+000	3,184264e+004	
6,370000e+000	3,184268e+004	
6,369000e+000	3,184268e+004	
6,368000e+000	3,184269e+004	
6,367000e+000	3,184268e+004	
6,366000e+000	3,184268e+004	
6,365000e+000	3,184269e+004	
6,364000e+000	3,184269e+004	
6,363000e+000	3,184267e+004	
6,362000e+000	3,184266e+004	
6,361000e+000	3,184265e+004	
6,360000e+000	3,184269e+004	
6,359000e+000	3,184270e+004	
6,358000e+000	3,184267e+004	
6,357000e+000	3,184267e+004	
6,356000e+000	3,184269e+004	
6,355000e+000	3,184270e+004	
6,354000e+000	3,184269e+004	
6,353000e+000	3,184269e+004	
6,352000e+000	3,184268e+004	
6,351000e+000	3,184270e+004	
6,350000e+000	3,184272e+004	
6,349000e+000	3,184273e+004	
6,348000e+000	3,184270e+004	
6,347000e+000	3,184270e+004	
6,346000e+000	3,184275e+004	
6,345000e+000	3,184280e+004	
6,344000e+000	3,184279e+004	
6,343000e+000	3,184278e+004	
6,342000e+000	3,184277e+004	
6,341000e+000	3,184278e+004	
6,340000e+000	3,184276e+004	
6,339000e+000	3,184275e+004	
6,338000e+000	3,184275e+004	
6,337000e+000	3,184277e+004	
6,336000e+000	3,184273e+004	
6,335000e+000	3,184272e+004	
6,334000e+000	3,184275e+004	
6,333000e+000	3,184280e+004	
6,332000e+000	3,184284e+004	
6,331000e+000	3,184283e+004	
6,330000e+000	3,184281e+004	
6,329000e+000	3,184284e+004	
6,328000e+000	3,184282e+004	
6,327000e+000	3,184283e+004	
6,326000e+000	3,184281e+004	
6,325000e+000	3,184279e+004	
6,324000e+000	3,184277e+004	
6,323000e+000	3,184275e+004	
6,322000e+000	3,184275e+004	
6,321000e+000	3,184276e+004	
6,320000e+000	3,184275e+004	
6,319000e+000	3,184274e+004	
6,318000e+000	3,184276e+004	
6,317000e+000	3,184278e+004	
6,316000e+000	3,184278e+004	
6,315000e+000	3,184278e+004	
6,314000e+000	3,184277e+004	
6,313000e+000	3,184280e+004	
6,312000e+000	3,184277e+004	
6,311000e+000	3,184275e+004	
6,310000e+000	3,184273e+004	
6,309000e+000	3,184275e+004	
6,308000e+000	3,184274e+004	
6,307000e+000	3,184276e+004	
6,306000e+000	3,184274e+004	
6,305000e+000	3,184275e+004	
6,304000e+000	3,184279e+004	
6,303000e+000	3,184277e+004	
6,302000e+000	3,184277e+004	
6,301000e+000	3,184276e+004	
6,300000e+000	3,184281e+004	
6,299000e+000	3,184277e+004	
6,298000e+000	3,184276e+004	
6,297000e+000	3,184274e+004	
6,296000e+000	3,184275e+004	
6,295000e+000	3,184273e+004	
6,294000e+000	3,184270e+004	
6,293000e+000	3,184272e+004	
6,292000e+000	3,184274e+004	
6,291000e+000	3,184275e+004	
6,290000e+000	3,184277e+004	
6,289000e+000	3,184276e+004	
6,288000e+000	3,184276e+004	
6,287000e+000	3,184278e+004	
6,286000e+000	3,184276e+004	
6,285000e+000	3,184277e+004	
6,284000e+000	3,184278e+004	
6,283000e+000	3,184278e+004	
6,282000e+000	3,184278e+004	
6,281000e+000	3,184277e+004	
6,280000e+000	3,184273e+004	
6,279000e+000	3,184273e+004	
6,278000e+000	3,184274e+004	
6,277000e+000	3,184275e+004	
6,276000e+000	3,184278e+004	
6,275000e+000	3,184278e+004	
6,274000e+000	3,184275e+004	
6,273000e+000	3,184276e+004	
6,272000e+000	3,184278e+004	
6,271000e+000	3,184278e+004	
6,270000e+000	3,184278e+004	
6,269000e+000	3,184277e+004	
6,268000e+000	3,184277e+004	
6,267000e+000	3,184278e+004	
6,266000e+000	3,184278e+004	
6,265000e+000	3,184276e+004	
6,264000e+000	3,184275e+004	
6,263000e+000	3,184274e+004	
6,262000e+000	3,184275e+004	
6,261000e+000	3,184273e+004	
6,260000e+000	3,184279e+004	
6,259000e+000	3,184280e+004	
6,258000e+000	3,184278e+004	
6,257000e+000	3,184275e+004	
6,256000e+000	3,184275e+004	
6,255000e+000	3,184276e+004	
6,254000e+000	3,184276e+004	
6,253000e+000	3,184275e+004	
6,252000e+000	3,184275e+004	
6,251000e+000	3,184276e+004	
6,250000e+000	3,184279e+004	
6,249000e+000	3,184280e+004	
6,248000e+000	3,184280e+004	
6,247000e+000	3,184277e+004	
6,246000e+000	3,184276e+004	
6,245000e+000	3,184275e+004	
6,244000e+000	3,184277e+004	
6,243000e+000	3,184277e+004	
6,242000e+000	3,184275e+004	
6,241000e+000	3,184274e+004	
6,240000e+000	3,184277e+004	
6,239000e+000	3,184279e+004	
6,238000e+000	3,184277e+004	
6,237000e+000	3,184278e+004	
6,236000e+000	3,184279e+004	
6,235000e+000	3,184281e+004	
6,234000e+000	3,184282e+004	
6,233000e+000	3,184278e+004	
6,232000e+000	3,184276e+004	
6,231000e+000	3,184276e+004	
6,230000e+000	3,184277e+004	
6,229000e+000	3,184275e+004	
6,228000e+000	3,184274e+004	
6,227000e+000	3,184273e+004	
6,226000e+000	3,184276e+004	
6,225000e+000	3,184280e+004	
6,224000e+000	3,184280e+004	
6,223000e+000	3,184278e+004	
6,222000e+000	3,184277e+004	
6,221000e+000	3,184277e+004	
6,220000e+000	3,184275e+004	
6,219000e+000	3,184275e+004	
6,218000e+000	3,184274e+004	
6,217000e+000	3,184275e+004	
6,216000e+000	3,184277e+004	
6,215000e+000	3,184276e+004	
6,214000e+000	3,184277e+004	
6,213000e+000	3,184279e+004	
6,212000e+000	3,184279e+004	
6,211000e+000	3,184283e+004	
6,210000e+000	3,184280e+004	
6,209000e+000	3,184277e+004	
6,208000e+000	3,184276e+004	
6,207000e+000	3,184275e+004	
6,206000e+000	3,184274e+004	
6,205000e+000	3,184275e+004	
6,204000e+000	3,184271e+004	
6,203000e+000	3,184273e+004	
6,202000e+000	3,184276e+004	
6,201000e+000	3,184278e+004	
6,200000e+000	3,184272e+004	
6,199000e+000	3,184271e+004	
6,198000e+000	3,184275e+004	
6,197000e+000	3,184276e+004	
6,196000e+000	3,184277e+004	
6,195000e+000	3,184279e+004	
6,194000e+000	3,184280e+004	
6,193000e+000	3,184282e+004	
6,192000e+000	3,184278e+004	
6,191000e+000	3,184278e+004	
6,190000e+000	3,184280e+004	
6,189000e+000	3,184277e+004	
6,188000e+000	3,184276e+004	
6,187000e+000	3,184277e+004	
6,186000e+000	3,184274e+004	
6,185000e+000	3,184275e+004	
6,184000e+000	3,184277e+004	
6,183000e+000	3,184274e+004	
6,182000e+000	3,184276e+004	
6,181000e+000	3,184275e+004	
6,180000e+000	3,184277e+004	
6,179000e+000	3,184278e+004	
6,178000e+000	3,184275e+004	
6,177000e+000	3,184275e+004	
6,176000e+000	3,184272e+004	
6,175000e+000	3,184273e+004	
6,174000e+000	3,184277e+004	
6,173000e+000	3,184277e+004	
6,172000e+000	3,184277e+004	
6,171000e+000	3,184279e+004	
6,170000e+000	3,184279e+004	
6,169000e+000	3,184281e+004	
6,168000e+000	3,184278e+004	
6,167000e+000	3,184278e+004	
6,166000e+000	3,184280e+004	
6,165000e+000	3,184279e+004	
6,164000e+000	3,184278e+004	
6,163000e+000	3,184279e+004	
6,162000e+000	3,184276e+004	
6,161000e+000	3,184278e+004	
6,160000e+000	3,184276e+004	
6,159000e+000	3,184277e+004	
6,158000e+000	3,184277e+004	
6,157000e+000	3,184276e+004	
6,156000e+000	3,184276e+004	
6,155000e+000	3,184278e+004	
6,154000e+000	3,184278e+004	
6,153000e+000	3,184276e+004	
6,152000e+000	3,184276e+004	
6,151000e+000	3,184276e+004	
6,150000e+000	3,184278e+004	
6,149000e+000	3,184281e+004	
6,148000e+000	3,184279e+004	
6,147000e+000	3,184277e+004	
6,146000e+000	3,184278e+004	
6,145000e+000	3,184277e+004	
6,144000e+000	3,184278e+004	
6,143000e+000	3,184275e+004	
6,142000e+000	3,184275e+004	
6,141000e+000	3,184277e+004	
6,140000e+000	3,184277e+004	
6,139000e+000	3,184274e+004	
6,138000e+000	3,184275e+004	
6,137000e+000	3,184275e+004	
6,136000e+000	3,184276e+004	
6,135000e+000	3,184277e+004	
6,134000e+000	3,184275e+004	
6,133000e+000	3,184277e+004	
6,132000e+000	3,184277e+004	
6,131000e+000	3,184278e+004	
6,130000e+000	3,184279e+004	
6,129000e+000	3,184277e+004	
6,128000e+000	3,184276e+004	
6,127000e+000	3,184278e+004	
6,126000e+000	3,184278e+004	
6,125000e+000	3,184278e+004	
6,124000e+000	3,184277e+004	
6,123000e+000	3,184276e+004	
6,122000e+000	3,184275e+004	
6,121000e+000	3,184275e+004	
6,120000e+000	3,184280e+004	
6,119000e+000	3,184280e+004	
6,118000e+000	3,184278e+004	
6,117000e+000	3,184278e+004	
6,116000e+000	3,184273e+004	
6,115000e+000	3,184270e+004	
6,114000e+000	3,184273e+004	
6,113000e+000	3,184275e+004	
6,112000e+000	3,184275e+004	
6,111000e+000	3,184274e+004	
6,110000e+000	3,184274e+004	
6,109000e+000	3,184277e+004	
6,108000e+000	3,184279e+004	
6,107000e+000	3,184278e+004	
6,106000e+000	3,184276e+004	
6,105000e+000	3,184277e+004	
6,104000e+000	3,184277e+004	
6,103000e+000	3,184280e+004	
6,102000e+000	3,184279e+004	
6,101000e+000	3,184276e+004	
6,100000e+000	3,184276e+004	
6,099000e+000	3,184273e+004	
6,098000e+000	3,184271e+004	
6,097000e+000	3,184273e+004	
6,096000e+000	3,184274e+004	
6,095000e+000	3,184274e+004	
6,094000e+000	3,184272e+004	
6,093000e+000	3,184275e+004	
6,092000e+000	3,184278e+004	
6,091000e+000	3,184279e+004	
6,090000e+000	3,184277e+004	
6,089000e+000	3,184274e+004	
6,088000e+000	3,184276e+004	
6,087000e+000	3,184279e+004	
6,086000e+000	3,184280e+004	
6,085000e+000	3,184278e+004	
6,084000e+000	3,184274e+004	
6,083000e+000	3,184274e+004	
6,082000e+000	3,184277e+004	
6,081000e+000	3,184275e+004	
6,080000e+000	3,184277e+004	
6,079000e+000	3,184275e+004	
6,078000e+000	3,184277e+004	
6,077000e+000	3,184279e+004	
6,076000e+000	3,184276e+004	
6,075000e+000	3,184277e+004	
6,074000e+000	3,184275e+004	
6,073000e+000	3,184275e+004	
6,072000e+000	3,184278e+004	
6,071000e+000	3,184276e+004	
6,070000e+000	3,184279e+004	
6,069000e+000	3,184277e+004	
6,068000e+000	3,184275e+004	
6,067000e+000	3,184276e+004	
6,066000e+000	3,184276e+004	
6,065000e+000	3,184276e+004	
6,064000e+000	3,184273e+004	
6,063000e+000	3,184273e+004	
6,062000e+000	3,184274e+004	
6,061000e+000	3,184277e+004	
6,060000e+000	3,184276e+004	
6,059000e+000	3,184276e+004	
6,058000e+000	3,184279e+004	
6,057000e+000	3,184278e+004	
6,056000e+000	3,184276e+004	
6,055000e+000	3,184275e+004	
6,054000e+000	3,184273e+004	
6,053000e+000	3,184275e+004	
6,052000e+000	3,184271e+004	
6,051000e+000	3,184270e+004	
6,050000e+000	3,184272e+004	
6,049000e+000	3,184274e+004	
6,048000e+000	3,184275e+004	
6,047000e+000	3,184278e+004	
6,046000e+000	3,184278e+004	
6,045000e+000	3,184279e+004	
6,044000e+000	3,184283e+004	
6,043000e+000	3,184280e+004	
6,042000e+000	3,184279e+004	
6,041000e+000	3,184278e+004	
6,040000e+000	3,184281e+004	
6,039000e+000	3,184280e+004	
6,038000e+000	3,184275e+004	
6,037000e+000	3,184274e+004	
6,036000e+000	3,184273e+004	
6,035000e+000	3,184273e+004	
6,034000e+000	3,184276e+004	
6,033000e+000	3,184276e+004	
6,032000e+000	3,184275e+004	
6,031000e+000	3,184278e+004	
6,030000e+000	3,184278e+004	
6,029000e+000	3,184277e+004	
6,028000e+000	3,184275e+004	
6,027000e+000	3,184276e+004	
6,026000e+000	3,184277e+004	
6,025000e+000	3,184275e+004	
6,024000e+000	3,184275e+004	
6,023000e+000	3,184275e+004	
6,022000e+000	3,184274e+004	
6,021000e+000	3,184274e+004	
6,020000e+000	3,184275e+004	
6,019000e+000	3,184274e+004	
6,018000e+000	3,184274e+004	
6,017000e+000	3,184275e+004	
6,016000e+000	3,184276e+004	
6,015000e+000	3,184279e+004	
6,014000e+000	3,184279e+004	
6,013000e+000	3,184277e+004	
6,012000e+000	3,184275e+004	
6,011000e+000	3,184275e+004	
6,010000e+000	3,184276e+004	
6,009000e+000	3,184277e+004	
6,008000e+000	3,184275e+004	
6,007000e+000	3,184274e+004	
6,006000e+000	3,184275e+004	
6,005000e+000	3,184278e+004	
6,004000e+000	3,184278e+004	
6,003000e+000	3,184277e+004	
6,002000e+000	3,184276e+004	
6,001000e+000	3,184277e+004	
6,000000e+000	3,184282e+004	
5,999000e+000	3,184280e+004	
5,998000e+000	3,184279e+004	
5,997000e+000	3,184276e+004	
5,996000e+000	3,184276e+004	
5,995000e+000	3,184277e+004	
5,994000e+000	3,184275e+004	
5,993000e+000	3,184273e+004	
5,992000e+000	3,184274e+004	
5,991000e+000	3,184275e+004	
5,990000e+000	3,184279e+004	
5,989000e+000	3,184279e+004	
5,988000e+000	3,184277e+004	
5,987000e+000	3,184277e+004	
5,986000e+000	3,184277e+004	
5,985000e+000	3,184279e+004	
5,984000e+000	3,184279e+004	
5,983000e+000	3,184278e+004	
5,982000e+000	3,184278e+004	
5,981000e+000	3,184278e+004	
5,980000e+000	3,184277e+004	
5,979000e+000	3,184276e+004	
5,978000e+000	3,184274e+004	
5,977000e+000	3,184274e+004	
5,976000e+000	3,184272e+004	
5,975000e+000	3,184276e+004	
5,974000e+000	3,184278e+004	
5,973000e+000	3,184277e+004	
5,972000e+000	3,184277e+004	
5,971000e+000	3,184276e+004	
5,970000e+000	3,184278e+004	
5,969000e+000	3,184281e+004	
5,968000e+000	3,184281e+004	
5,967000e+000	3,184279e+004	
5,966000e+000	3,184277e+004	
5,965000e+000	3,184279e+004	
5,964000e+000	3,184281e+004	
5,963000e+000	3,184278e+004	
5,962000e+000	3,184274e+004	
5,961000e+000	3,184272e+004	
5,960000e+000	3,184279e+004	
5,959000e+000	3,184278e+004	
5,958000e+000	3,184278e+004	
5,957000e+000	3,184278e+004	
5,956000e+000	3,184275e+004	
5,955000e+000	3,184274e+004	
5,954000e+000	3,184275e+004	
5,953000e+000	3,184276e+004	
5,952000e+000	3,184279e+004	
5,951000e+000	3,184277e+004	
5,950000e+000	3,184273e+004	
5,949000e+000	3,184276e+004	
5,948000e+000	3,184278e+004	
5,947000e+000	3,184278e+004	
5,946000e+000	3,184279e+004	
5,945000e+000	3,184278e+004	
5,944000e+000	3,184277e+004	
5,943000e+000	3,184278e+004	
5,942000e+000	3,184279e+004	
5,941000e+000	3,184275e+004	
5,940000e+000	3,184275e+004	
5,939000e+000	3,184277e+004	
5,938000e+000	3,184278e+004	
5,937000e+000	3,184279e+004	
5,936000e+000	3,184277e+004	
5,935000e+000	3,184277e+004	
5,934000e+000	3,184274e+004	
5,933000e+000	3,184275e+004	
5,932000e+000	3,184279e+004	
5,931000e+000	3,184278e+004	
5,930000e+000	3,184276e+004	
5,929000e+000	3,184278e+004	
5,928000e+000	3,184277e+004	
5,927000e+000	3,184278e+004	
5,926000e+000	3,184275e+004	
5,925000e+000	3,184278e+004	
5,924000e+000	3,184277e+004	
5,923000e+000	3,184276e+004	
5,922000e+000	3,184276e+004	
5,921000e+000	3,184275e+004	
5,920000e+000	3,184277e+004	
5,919000e+000	3,184275e+004	
5,918000e+000	3,184276e+004	
5,917000e+000	3,184277e+004	
5,916000e+000	3,184277e+004	
5,915000e+000	3,184277e+004	
5,914000e+000	3,184276e+004	
5,913000e+000	3,184276e+004	
5,912000e+000	3,184279e+004	
5,911000e+000	3,184278e+004	
5,910000e+000	3,184276e+004	
5,909000e+000	3,184276e+004	
5,908000e+000	3,184276e+004	
5,907000e+000	3,184277e+004	
5,906000e+000	3,184275e+004	
5,905000e+000	3,184276e+004	
5,904000e+000	3,184279e+004	
5,903000e+000	3,184280e+004	
5,902000e+000	3,184280e+004	
5,901000e+000	3,184281e+004	
5,900000e+000	3,184279e+004	
5,899000e+000	3,184280e+004	
5,898000e+000	3,184278e+004	
5,897000e+000	3,184280e+004	
5,896000e+000	3,184279e+004	
5,895000e+000	3,184278e+004	
5,894000e+000	3,184277e+004	
5,893000e+000	3,184275e+004	
5,892000e+000	3,184275e+004	
5,891000e+000	3,184276e+004	
5,890000e+000	3,184277e+004	
5,889000e+000	3,184277e+004	
5,888000e+000	3,184276e+004	
5,887000e+000	3,184276e+004	
5,886000e+000	3,184278e+004	
5,885000e+000	3,184278e+004	
5,884000e+000	3,184277e+004	
5,883000e+000	3,184275e+004	
5,882000e+000	3,184275e+004	
5,881000e+000	3,184276e+004	
5,880000e+000	3,184277e+004	
5,879000e+000	3,184276e+004	
5,878000e+000	3,184273e+004	
5,877000e+000	3,184272e+004	
5,876000e+000	3,184273e+004	
5,875000e+000	3,184275e+004	
5,874000e+000	3,184278e+004	
5,873000e+000	3,184276e+004	
5,872000e+000	3,184276e+004	
5,871000e+000	3,184278e+004	
5,870000e+000	3,184279e+004	
5,869000e+000	3,184278e+004	
5,868000e+000	3,184277e+004	
5,867000e+000	3,184275e+004	
5,866000e+000	3,184276e+004	
5,865000e+000	3,184277e+004	
5,864000e+000	3,184277e+004	
5,863000e+000	3,184276e+004	
5,862000e+000	3,184273e+004	
5,861000e+000	3,184273e+004	
5,860000e+000	3,184276e+004	
5,859000e+000	3,184279e+004	
5,858000e+000	3,184280e+004	
5,857000e+000	3,184278e+004	
5,856000e+000	3,184279e+004	
5,855000e+000	3,184278e+004	
5,854000e+000	3,184277e+004	
5,853000e+000	3,184278e+004	
5,852000e+000	3,184274e+004	
5,851000e+000	3,184273e+004	
5,850000e+000	3,184271e+004	
5,849000e+000	3,184273e+004	
5,848000e+000	3,184277e+004	
5,847000e+000	3,184276e+004	
5,846000e+000	3,184275e+004	
5,845000e+000	3,184275e+004	
5,844000e+000	3,184276e+004	
5,843000e+000	3,184278e+004	
5,842000e+000	3,184277e+004	
5,841000e+000	3,184275e+004	
5,840000e+000	3,184275e+004	
5,839000e+000	3,184278e+004	
5,838000e+000	3,184276e+004	
5,837000e+000	3,184275e+004	
5,836000e+000	3,184275e+004	
5,835000e+000	3,184275e+004	
5,834000e+000	3,184276e+004	
5,833000e+000	3,184275e+004	
5,832000e+000	3,184280e+004	
5,831000e+000	3,184278e+004	
5,830000e+000	3,184276e+004	
5,829000e+000	3,184278e+004	
5,828000e+000	3,184276e+004	
5,827000e+000	3,184277e+004	
5,826000e+000	3,184275e+004	
5,825000e+000	3,184273e+004	
5,824000e+000	3,184274e+004	
5,823000e+000	3,184276e+004	
5,822000e+000	3,184274e+004	
5,821000e+000	3,184275e+004	
5,820000e+000	3,184273e+004	
5,819000e+000	3,184278e+004	
5,818000e+000	3,184275e+004	
5,817000e+000	3,184276e+004	
5,816000e+000	3,184277e+004	
5,815000e+000	3,184276e+004	
5,814000e+000	3,184280e+004	
5,813000e+000	3,184279e+004	
5,812000e+000	3,184276e+004	
5,811000e+000	3,184279e+004	
5,810000e+000	3,184277e+004	
5,809000e+000	3,184276e+004	
5,808000e+000	3,184275e+004	
5,807000e+000	3,184274e+004	
5,806000e+000	3,184273e+004	
5,805000e+000	3,184274e+004	
5,804000e+000	3,184272e+004	
5,803000e+000	3,184274e+004	
5,802000e+000	3,184274e+004	
5,801000e+000	3,184275e+004	
5,800000e+000	3,184275e+004	
5,799000e+000	3,184277e+004	
5,798000e+000	3,184275e+004	
5,797000e+000	3,184274e+004	
5,796000e+000	3,184274e+004	
5,795000e+000	3,184275e+004	
5,794000e+000	3,184278e+004	
5,793000e+000	3,184275e+004	
5,792000e+000	3,184274e+004	
5,791000e+000	3,184276e+004	
5,790000e+000	3,184277e+004	
5,789000e+000	3,184278e+004	
5,788000e+000	3,184276e+004	
5,787000e+000	3,184276e+004	
5,786000e+000	3,184278e+004	
5,785000e+000	3,184276e+004	
5,784000e+000	3,184278e+004	
5,783000e+000	3,184277e+004	
5,782000e+000	3,184275e+004	
5,781000e+000	3,184274e+004	
5,780000e+000	3,184275e+004	
5,779000e+000	3,184274e+004	
5,778000e+000	3,184274e+004	
5,777000e+000	3,184275e+004	
5,776000e+000	3,184275e+004	
5,775000e+000	3,184274e+004	
5,774000e+000	3,184273e+004	
5,773000e+000	3,184276e+004	
5,772000e+000	3,184278e+004	
5,771000e+000	3,184279e+004	
5,770000e+000	3,184278e+004	
5,769000e+000	3,184276e+004	
5,768000e+000	3,184277e+004	
5,767000e+000	3,184279e+004	
5,766000e+000	3,184278e+004	
5,765000e+000	3,184278e+004	
5,764000e+000	3,184276e+004	
5,763000e+000	3,184275e+004	
5,762000e+000	3,184276e+004	
5,761000e+000	3,184278e+004	
5,760000e+000	3,184276e+004	
5,759000e+000	3,184275e+004	
5,758000e+000	3,184274e+004	
5,757000e+000	3,184274e+004	
5,756000e+000	3,184276e+004	
5,755000e+000	3,184279e+004	
5,754000e+000	3,184279e+004	
5,753000e+000	3,184279e+004	
5,752000e+000	3,184277e+004	
5,751000e+000	3,184276e+004	
5,750000e+000	3,184278e+004	
5,749000e+000	3,184279e+004	
5,748000e+000	3,184279e+004	
5,747000e+000	3,184277e+004	
5,746000e+000	3,184276e+004	
5,745000e+000	3,184279e+004	
5,744000e+000	3,184279e+004	
5,743000e+000	3,184277e+004	
5,742000e+000	3,184276e+004	
5,741000e+000	3,184273e+004	
5,740000e+000	3,184277e+004	
5,739000e+000	3,184275e+004	
5,738000e+000	3,184275e+004	
5,737000e+000	3,184278e+004	
5,736000e+000	3,184280e+004	
5,735000e+000	3,184279e+004	
5,734000e+000	3,184278e+004	
5,733000e+000	3,184277e+004	
5,732000e+000	3,184278e+004	
5,731000e+000	3,184279e+004	
5,730000e+000	3,184277e+004	
5,729000e+000	3,184274e+004	
5,728000e+000	3,184274e+004	
5,727000e+000	3,184273e+004	
5,726000e+000	3,184276e+004	
5,725000e+000	3,184278e+004	
5,724000e+000	3,184279e+004	
5,723000e+000	3,184280e+004	
5,722000e+000	3,184280e+004	
5,721000e+000	3,184280e+004	
5,720000e+000	3,184279e+004	
5,719000e+000	3,184279e+004	
5,718000e+000	3,184276e+004	
5,717000e+000	3,184276e+004	
5,716000e+000	3,184279e+004	
5,715000e+000	3,184276e+004	
5,714000e+000	3,184275e+004	
5,713000e+000	3,184273e+004	
5,712000e+000	3,184273e+004	
5,711000e+000	3,184277e+004	
5,710000e+000	3,184277e+004	
5,709000e+000	3,184275e+004	
5,708000e+000	3,184278e+004	
5,707000e+000	3,184278e+004	
5,706000e+000	3,184280e+004	
5,705000e+000	3,184280e+004	
5,704000e+000	3,184276e+004	
5,703000e+000	3,184275e+004	
5,702000e+000	3,184277e+004	
5,701000e+000	3,184274e+004	
5,700000e+000	3,184279e+004	
5,699000e+000	3,184277e+004	
5,698000e+000	3,184277e+004	
5,697000e+000	3,184276e+004	
5,696000e+000	3,184275e+004	
5,695000e+000	3,184275e+004	
5,694000e+000	3,184272e+004	
5,693000e+000	3,184275e+004	
5,692000e+000	3,184274e+004	
5,691000e+000	3,184276e+004	
5,690000e+000	3,184277e+004	
5,689000e+000	3,184278e+004	
5,688000e+000	3,184282e+004	
5,687000e+000	3,184282e+004	
5,686000e+000	3,184277e+004	
5,685000e+000	3,184279e+004	
5,684000e+000	3,184277e+004	
5,683000e+000	3,184276e+004	
5,682000e+000	3,184273e+004	
5,681000e+000	3,184273e+004	
5,680000e+000	3,184277e+004	
5,679000e+000	3,184275e+004	
5,678000e+000	3,184279e+004	
5,677000e+000	3,184281e+004	
5,676000e+000	3,184278e+004	
5,675000e+000	3,184280e+004	
5,674000e+000	3,184278e+004	
5,673000e+000	3,184278e+004	
5,672000e+000	3,184276e+004	
5,671000e+000	3,184276e+004	
5,670000e+000	3,184276e+004	
5,669000e+000	3,184274e+004	
5,668000e+000	3,184275e+004	
5,667000e+000	3,184276e+004	
5,666000e+000	3,184277e+004	
5,665000e+000	3,184278e+004	
5,664000e+000	3,184275e+004	
5,663000e+000	3,184277e+004	
5,662000e+000	3,184278e+004	
5,661000e+000	3,184277e+004	
5,660000e+000	3,184279e+004	
5,659000e+000	3,184277e+004	
5,658000e+000	3,184278e+004	
5,657000e+000	3,184276e+004	
5,656000e+000	3,184274e+004	
5,655000e+000	3,184275e+004	
5,654000e+000	3,184276e+004	
5,653000e+000	3,184277e+004	
5,652000e+000	3,184278e+004	
5,651000e+000	3,184277e+004	
5,650000e+000	3,184277e+004	
5,649000e+000	3,184279e+004	
5,648000e+000	3,184280e+004	
5,647000e+000	3,184279e+004	
5,646000e+000	3,184278e+004	
5,645000e+000	3,184278e+004	
5,644000e+000	3,184279e+004	
5,643000e+000	3,184280e+004	
5,642000e+000	3,184280e+004	
5,641000e+000	3,184278e+004	
5,640000e+000	3,184274e+004	
5,639000e+000	3,184276e+004	
5,638000e+000	3,184276e+004	
5,637000e+000	3,184277e+004	
5,636000e+000	3,184275e+004	
5,635000e+000	3,184275e+004	
5,634000e+000	3,184278e+004	
5,633000e+000	3,184279e+004	
5,632000e+000	3,184276e+004	
5,631000e+000	3,184276e+004	
5,630000e+000	3,184277e+004	
5,629000e+000	3,184279e+004	
5,628000e+000	3,184280e+004	
5,627000e+000	3,184277e+004	
5,626000e+000	3,184275e+004	
5,625000e+000	3,184274e+004	
5,624000e+000	3,184274e+004	
5,623000e+000	3,184275e+004	
5,622000e+000	3,184274e+004	
5,621000e+000	3,184273e+004	
5,620000e+000	3,184275e+004	
5,619000e+000	3,184277e+004	
5,618000e+000	3,184278e+004	
5,617000e+000	3,184275e+004	
5,616000e+000	3,184275e+004	
5,615000e+000	3,184275e+004	
5,614000e+000	3,184275e+004	
5,613000e+000	3,184279e+004	
5,612000e+000	3,184277e+004	
5,611000e+000	3,184276e+004	
5,610000e+000	3,184275e+004	
5,609000e+000	3,184274e+004	
5,608000e+000	3,184276e+004	
5,607000e+000	3,184276e+004	
5,606000e+000	3,184273e+004	
5,605000e+000	3,184275e+004	
5,604000e+000	3,184276e+004	
5,603000e+000	3,184280e+004	
5,602000e+000	3,184280e+004	
5,601000e+000	3,184277e+004	
5,600000e+000	3,184272e+004	
5,599000e+000	3,184270e+004	
5,598000e+000	3,184273e+004	
5,597000e+000	3,184271e+004	
5,596000e+000	3,184273e+004	
5,595000e+000	3,184275e+004	
5,594000e+000	3,184278e+004	
5,593000e+000	3,184279e+004	
5,592000e+000	3,184278e+004	
5,591000e+000	3,184278e+004	
5,590000e+000	3,184281e+004	
5,589000e+000	3,184278e+004	
5,588000e+000	3,184277e+004	
5,587000e+000	3,184278e+004	
5,586000e+000	3,184273e+004	
5,585000e+000	3,184274e+004	
5,584000e+000	3,184276e+004	
5,583000e+000	3,184274e+004	
5,582000e+000	3,184276e+004	
5,581000e+000	3,184275e+004	
5,580000e+000	3,184273e+004	
5,579000e+000	3,184275e+004	
5,578000e+000	3,184277e+004	
5,577000e+000	3,184276e+004	
5,576000e+000	3,184276e+004	
5,575000e+000	3,184275e+004	
5,574000e+000	3,184274e+004	
5,573000e+000	3,184276e+004	
5,572000e+000	3,184272e+004	
5,571000e+000	3,184275e+004	
5,570000e+000	3,184277e+004	
5,569000e+000	3,184276e+004	
5,568000e+000	3,184278e+004	
5,567000e+000	3,184276e+004	
5,566000e+000	3,184277e+004	
5,565000e+000	3,184280e+004	
5,564000e+000	3,184276e+004	
5,563000e+000	3,184276e+004	
5,562000e+000	3,184275e+004	
5,561000e+000	3,184276e+004	
5,560000e+000	3,184277e+004	
5,559000e+000	3,184281e+004	
5,558000e+000	3,184280e+004	
5,557000e+000	3,184279e+004	
5,556000e+000	3,184277e+004	
5,555000e+000	3,184274e+004	
5,554000e+000	3,184275e+004	
5,553000e+000	3,184274e+004	
5,552000e+000	3,184275e+004	
5,551000e+000	3,184275e+004	
5,550000e+000	3,184273e+004	
5,549000e+000	3,184276e+004	
5,548000e+000	3,184276e+004	
5,547000e+000	3,184278e+004	
5,546000e+000	3,184277e+004	
5,545000e+000	3,184275e+004	
5,544000e+000	3,184275e+004	
5,543000e+000	3,184278e+004	
5,542000e+000	3,184278e+004	
5,541000e+000	3,184279e+004	
5,540000e+000	3,184279e+004	
5,539000e+000	3,184278e+004	
5,538000e+000	3,184277e+004	
5,537000e+000	3,184279e+004	
5,536000e+000	3,184279e+004	
5,535000e+000	3,184278e+004	
5,534000e+000	3,184277e+004	
5,533000e+000	3,184274e+004	
5,532000e+000	3,184274e+004	
5,531000e+000	3,184276e+004	
5,530000e+000	3,184276e+004	
5,529000e+000	3,184276e+004	
5,528000e+000	3,184275e+004	
5,527000e+000	3,184276e+004	
5,526000e+000	3,184278e+004	
5,525000e+000	3,184280e+004	
5,524000e+000	3,184280e+004	
5,523000e+000	3,184277e+004	
5,522000e+000	3,184276e+004	
5,521000e+000	3,184278e+004	
5,520000e+000	3,184279e+004	
5,519000e+000	3,184281e+004	
5,518000e+000	3,184279e+004	
5,517000e+000	3,184275e+004	
5,516000e+000	3,184274e+004	
5,515000e+000	3,184276e+004	
5,514000e+000	3,184276e+004	
5,513000e+000	3,184278e+004	
5,512000e+000	3,184276e+004	
5,511000e+000	3,184275e+004	
5,510000e+000	3,184278e+004	
5,509000e+000	3,184278e+004	
5,508000e+000	3,184280e+004	
5,507000e+000	3,184277e+004	
5,506000e+000	3,184274e+004	
5,505000e+000	3,184275e+004	
5,504000e+000	3,184279e+004	
5,503000e+000	3,184280e+004	
5,502000e+000	3,184278e+004	
5,501000e+000	3,184275e+004	
5,500000e+000	3,184276e+004	
5,499000e+000	3,184275e+004	
