

Date et heure;Amp_sr850_2(?V);Pha_sr850_2(?);Freq_sr850(Hz)_2;Amp_sr850(?V);Pha_sr850(?);Freq_sr850(Hz);Freq_hp33120(Hz);Freq_0(Hz);DeltaFreq(Hz);Ampl_5210_daq(?V);Pha_5210_daq(?V);X_727(?m);Y_727(?m);Z_727(?m);Temps ?tude(s);

Z ==> 5,5:0,001:12
Monter après contact ==> 500
Point de scan après sortir ==> 2000
Temps d'attendre ==> 100
Nombre acquis ==> 1
RF ==> 31842,8036
seuil de Fréquence ==> 0,300


Data
27/09/2017 23:41:46;;864.033;135.438;56.9973;220.568;36.174;56.9992;31842.7489;31842.7615;-0.0126000000018394;6.5163832604855;-0.0411104271188378;149.999176;149.9996948;5.519922256;3;
27/09/2017 23:41:49;;864.152;135.45;56.9973;220.21;36.138;56.9992;31842.7665;31842.7615;0.00500000000101863;6.47922399750253;0.382787594455294;149.9998627;149.9985199;5.540139675;6;
27/09/2017 23:41:52;;864.033;135.432;56.9973;220.33;36.168;56.9992;31842.7484;31842.7615;-0.0131000000001222;6.5124371441405;0.0343782616546378;149.9990387;149.9997101;5.560522079;9;
27/09/2017 23:41:55;;864.152;135.432;56.9973;220.359;36.168;56.9992;31842.7688;31842.7615;0.00730000000112341;6.42200530625971;-0.360485648852773;150.0001526;149.9993286;5.580427647;12;
27/09/2017 23:41:59;;864.152;135.432;56.9973;220.359;36.168;56.9992;31842.7785;31842.7615;0.0169999999998254;6.46639911875272;-0.0120763160521165;150.002533;149.9995575;5.599795818;15;
27/09/2017 23:42:02;;864.39;135.45;56.9973;220.479;36.174;56.9992;31842.7799;31842.7615;0.0184000000008382;6.41509960189867;-0.290803782292642;149.9990845;149.9994812;5.619227409;18;
27/09/2017 23:42:05;;863.913;135.438;56.9973;220.031;36.168;56.9992;31842.7291;31842.7615;-0.0324000000000524;6.45784919948149;0.243423861335032;149.9986572;150.0003357;5.639419556;21;
27/09/2017 23:42:08;;864.39;135.438;56.9973;219.495;36.168;56.9992;31842.7579;31842.7615;-0.00360000000000582;6.48645854440559;0.150514705921523;149.9956055;149.9973755;5.659827232;24;
27/09/2017 23:42:11;;864.033;135.426;56.9973;220.091;36.186;56.9992;31842.7566;31842.7615;-0.00489999999990687;6.39569786080076;0.25503750576172;150.0006714;149.9999695;5.679937363;27;
27/09/2017 23:42:14;;864.39;135.438;56.9973;220.747;36.264;56.9992;31842.768;31842.7615;0.00649999999950523;6.41016695589496;-0.116599115892313;150.0006866;150.0040131;5.701004028;30;
27/09/2017 23:42:17;;863.913;135.438;56.9973;220.419;36.168;56.9992;31842.7478;31842.7615;-0.0136999999995169;6.38353066702781;-0.139826404745691;149.9986572;149.9980164;5.720052719;33;
27/09/2017 23:42:20;;864.033;135.438;56.9973;220.3;36.156;56.9992;31842.7702;31842.7615;0.00869999999849824;6.3582097497666;0.00534415058791637;149.9990845;149.999176;5.739675045;36;
27/09/2017 23:42:23;;864.033;135.462;56.9973;220.806;36.234;56.9992;31842.7724;31842.7615;0.0109000000011292;6.50224301016281;0.0169577950146049;150.0007477;150.0023804;5.759838104;39;
27/09/2017 23:42:26;;864.033;135.438;56.9973;220.419;36.162;56.9992;31842.7453;31842.7615;-0.0162000000018452;6.34275412462622;0.25503750576172;149.998291;149.9980469;5.779852867;42;
27/09/2017 23:42:29;;864.152;135.42;56.9973;220.151;36.162;56.9992;31842.7575;31842.7615;-0.00400000000081491;6.40326125144596;-0.0643377159722149;150.00177;150.000351;5.80062294;45;
27/09/2017 23:42:32;;864.39;135.426;56.9973;220.389;36.162;56.9992;31842.7773;31842.7615;0.0158000000010361;6.20464001770612;-0.267576493439265;149.9994049;150.0024109;5.820282936;48;
27/09/2017 23:42:35;;863.794;135.414;56.9973;220.449;36.192;56.9992;31842.8012;31842.7615;0.0397000000011758;6.44601084958474;-0.128212760319002;150.0015564;149.9996948;5.839931965;51;
27/09/2017 23:42:38;;864.152;135.444;56.9973;220.717;36.204;56.9992;31842.7509;31842.7615;-0.0106000000014319;6.38122876548582;0.1737419947749;150.0001831;150.000351;5.860948563;54;
27/09/2017 23:42:41;;864.152;135.42;56.9973;220.866;36.228;56.9992;31842.7528;31842.7615;-0.00870000000213622;6.35656553433748;-0.0411104271188378;149.9984131;149.9980621;5.879619598;58;
27/09/2017 23:42:44;;864.033;135.438;56.9973;220.598;36.192;56.9992;31842.7741;31842.7615;0.0125999999982014;6.24278582035577;-0.00626949383877218;149.9997406;149.9989624;5.899914742;61;
27/09/2017 23:42:47;;864.033;135.45;56.9973;220.33;36.168;56.9992;31842.7526;31842.7615;-0.00890000000072178;6.33749263516269;0.0285714394412935;150.0017395;150.0020142;5.919833183;64;
27/09/2017 23:42:50;;864.39;135.432;56.9973;220.657;36.24;56.9992;31842.826;31842.7615;0.0645000000004075;6.33223114567201;-0.151440049172379;150.0016785;150.0002594;5.939569473;67;
27/09/2017 23:42:53;;864.271;135.426;56.9973;220.896;36.258;56.9992;31842.7785;31842.7615;0.0169999999998254;6.30099105127204;-0.0759513603989035;150.0024414;150.0022583;5.960202217;70;
27/09/2017 23:42:56;;864.152;135.426;56.9973;220.568;36.222;56.9992;31842.7837;31842.7615;0.0221999999994296;6.35755206359528;-0.238542382372543;150.0025635;150.0028381;5.97976923;73;
27/09/2017 23:42:59;;864.033;135.438;56.9973;220.359;36.168;56.9992;31842.7738;31842.7615;0.0122999999985041;6.33519073351385;-0.023689960478805;150.0001526;150.0028381;6.00012207;76;
27/09/2017 23:43:02;;864.033;135.426;56.9973;220.3;36.162;56.9992;31842.7557;31842.7615;-0.00579999999899883;6.5098063999001;-0.319837893359363;149.9991608;149.9994659;6.019955158;79;
27/09/2017 23:43:05;;863.913;135.444;56.9973;219.972;36.198;56.9992;31842.7971;31842.7615;0.0355999999992491;6.23127631106432;0.347946661175229;150.0006561;149.9995422;6.039300919;82;
27/09/2017 23:43:08;;864.152;135.432;56.9973;219.495;36.246;56.9992;31842.7737;31842.7615;0.0122000000010303;6.49172003302395;0.121480594854802;149.9987488;149.9994659;6.060780525;85;
27/09/2017 23:43:11;;864.033;135.426;56.9973;220.091;36.174;56.9992;31842.8047;31842.7615;0.0432000000000698;6.43121291199368;0.388594416668639;150.0018005;150.0026855;6.080400467;88;
27/09/2017 23:43:14;;864.152;135.45;56.9973;220.598;36.198;56.9992;31842.7824;31842.7615;0.0208999999995285;6.46080878693094;0.185355639201589;150.0009003;150.0025787;6.099491119;91;
27/09/2017 23:43:17;;863.913;135.426;56.9973;220.896;36.258;56.9992;31842.7627;31842.7615;0.00119999999878928;6.29507187538706;-0.174667338025756;150.0007172;149.9993744;6.12035656;94;
27/09/2017 23:43:20;;864.39;135.426;56.9973;220.389;36.18;56.9992;31842.7411;31842.7615;-0.0204000000012456;6.37399421774678;0.284071616828442;149.9992981;149.9976807;6.140201569;97;
27/09/2017 23:43:24;;864.152;135.45;56.9973;220.24;36.144;56.9992;31842.7646;31842.7615;0.00309999999808497;6.41937456174731;0.191162461414933;150.0012817;150.0019836;6.159831524;100;
27/09/2017 23:43:27;;864.152;135.432;56.9973;220.717;36.252;56.9992;31842.747;31842.7615;-0.014500000001135;6.58017880539958;0.1737419947749;150.0005951;149.9997406;6.18007803;103;
27/09/2017 23:43:30;;864.271;135.456;56.9973;220.359;36.138;56.9992;31842.7866;31842.7615;0.025099999998929;6.45719151338026;-0.0643377159722149;150.0015564;150.0007935;6.198857307;106;
27/09/2017 23:43:33;;864.271;135.426;56.9973;220.687;36.228;56.9992;31842.7603;31842.7615;-0.00119999999878928;6.26646252482324;0.41762852773536;149.9980011;150.0004272;6.21958828;109;
27/09/2017 23:43:36;;864.271;135.408;56.9973;220.508;36.18;56.9992;31842.7884;31842.7615;0.0269000000007509;6.31282940294353;-0.0527240715455264;150.0006104;149.9995728;6.240436554;112;
27/09/2017 23:43:39;;864.271;135.426;56.9973;220.389;36.18;56.9992;31842.7785;31842.7615;0.0169999999998254;6.21351878222407;0.0634123727213591;150.0019379;150.0002899;6.258881092;115;
27/09/2017 23:43:42;;863.913;135.444;56.9973;220.449;36.168;56.9992;31842.7547;31842.7615;-0.00679999999920256;6.41378422963357;-0.087565004825592;149.9991608;149.9988861;6.279715061;118;
27/09/2017 23:43:44;;864.033;135.45;56.9973;220.628;36.216;56.9992;31842.7967;31842.7615;0.03519999999844;6.25199342770693;-0.128212760319002;150.0009003;150.0007782;6.299920082;121;
27/09/2017 23:43:48;;864.033;135.438;56.9973;220.598;36.198;56.9992;31842.7857;31842.7615;0.024199999999837;6.36906157153022;0.080832839361392;150.0003357;149.9997406;6.31940937;124;
27/09/2017 23:43:51;;867.967;137.016;56.9973;214.727;38.31;56.9992;31842.745;31842.7615;-0.0165000000015425;5.89651397111953;-0.0643377159722149;150.0025635;150.0027618;6.340305328;127;
27/09/2017 23:43:54;;875;142.854;56.9973;173.033;57.714;56.9992;31842.7573;31842.7615;-0.00419999999940046;5.67224290457056;-0.0353036049054936;149.9986572;149.9997559;6.360363483;130;
27/09/2017 23:43:57;;854.496;149.436;56.9973;159.026;56.46;56.9992;31842.6009;31842.7615;-0.160599999999249;5.93301556536403;0.226003394694999;149.9984283;149.9989929;6.380079746;133;
27/09/2017 23:44:00;;814.442;152.934;56.9973;149.668;57.21;56.9992;31842.6019;31842.7615;-0.159599999999045;5.71729442481951;-0.0585308937588707;149.9993134;149.9991455;6.399161339;136;
27/09/2017 23:44:03;;773.91;154.056;56.9973;145.377;57.45;56.9992;31842.517;31842.7615;-0.244500000000698;5.82942995865441;-0.401133404346183;150.0003815;149.9997406;6.419745445;139;
27/09/2017 23:44:03;;762.466;153.048;56.9973;146.122;56.79;56.9992;31842.4142;31842.7615;-0.347300000001269;6.36380008220519;0.249230683548376;150.0014038;150.0027161;6.425311089;140;
27/09/2017 23:44:04;;721.816;150.756;56.9973;138.552;55.23;56.9992;31842.3908;31842.7615;-0.370699999999488;6.18162099828947;0.37698077224195;149.9990234;149.996933;6.429854393;140;
27/09/2017 23:44:04;;713.471;150.744;56.9973;129.879;53.856;56.9992;31842.3441;31842.7615;-0.41740000000209;6.43055522587291;0.289878439041786;150.0010529;150.0010834;6.434802532;141;
27/09/2017 23:44:05;;710.73;150.81;56.9973;125.439;53.214;56.9992;31842.3793;31842.7615;-0.382200000000012;6.2983603064383;0.179548816988245;150.0020905;150.0025635;6.440286636;141;
27/09/2017 23:44:05;;709.061;150.894;56.9973;122.399;53.046;56.9992;31842.3735;31842.7615;-0.38799999999901;6.35525016199223;0.1737419947749;149.9998932;150.0004578;6.444662571;142;
27/09/2017 23:44:06;;706.676;150.984;56.9973;120.73;52.992;56.9992;31842.3659;31842.7615;-0.395599999999831;6.36643082687123;-0.00680032989475876;149.9989319;149.9987183;6.449727535;142;
27/09/2017 23:44:06;;704.769;151.056;56.9973;119.776;52.98;56.9992;31842.3482;31842.7615;-0.413300000000163;6.39273827314054;-0.232735560159199;150.0040283;150.0017395;6.455508709;143;
27/09/2017 23:44:07;;703.339;151.152;56.9973;118.912;53.052;56.9992;31842.3207;31842.7615;-0.440800000000309;6.29770262022886;0.208582928054966;150.0011749;149.9989624;6.460337639;143;
27/09/2017 23:44:07;;702.623;151.188;56.9973;117.958;53.154;56.9992;31842.3417;31842.7615;-0.419799999999668;6.37761149162305;0.0692191949347034;149.9998016;149.9985809;6.46515131;144;
27/09/2017 23:44:08;;701.193;151.248;56.9973;117.243;53.154;56.9992;31842.3714;31842.7615;-0.39010000000053;6.24574540844093;-0.087565004825592;149.9976196;149.9997253;6.470675468;144;
27/09/2017 23:44:08;;700.358;151.29;56.9973;116.647;53.058;56.9992;31842.3061;31842.7615;-0.455399999998917;6.4604799438815;0.0459919060813263;149.9968872;149.9987488;6.474462986;145;
27/09/2017 23:44:09;;699.524;151.32;56.9973;116.259;52.98;56.9992;31842.2986;31842.7615;-0.462900000002264;6.30197758058303;-0.087565004825592;150.0007782;149.999939;6.480189323;145;
27/09/2017 23:44:09;;698.689;151.368;56.9973;116.021;52.95;56.9992;31842.3272;31842.7615;-0.434300000000803;6.34571371243746;-0.157246871385723;149.9998627;150.0019684;6.485525131;146;
27/09/2017 23:44:10;;698.093;151.41;56.9973;115.902;52.938;56.9992;31842.3264;31842.7615;-0.435099999998783;6.3746519039071;0.0459919060813263;150.0003967;150.0035248;6.490277767;146;
27/09/2017 23:44:10;;697.616;151.428;56.9973;115.723;52.92;56.9992;31842.3547;31842.7615;-0.406800000000658;6.39405364543511;-0.215315093519166;150.0007477;150.0004272;6.494885445;147;
27/09/2017 23:44:11;;697.02;151.47;56.9973;115.514;52.866;56.9992;31842.2995;31842.7615;-0.461999999999534;6.38944984239617;0.0924464837880805;149.9998474;149.9974365;6.500463486;147;
27/09/2017 23:44:11;;696.424;151.518;56.9973;115.157;52.884;56.9992;31842.2902;31842.7615;-0.471300000001065;6.37103463001983;-0.116599115892313;150.000824;150.0015564;6.505021095;148;
27/09/2017 23:44:12;;696.186;151.536;56.9973;114.918;52.902;56.9992;31842.3213;31842.7615;-0.440200000000914;6.31644667703894;-0.145633226959035;150.0006866;150.0000153;6.510408401;148;
27/09/2017 23:44:12;;695.709;151.548;56.9973;114.769;52.92;56.9992;31842.296;31842.7615;-0.465500000002066;6.25692607447183;0.121480594854802;149.998703;149.9992828;6.515571117;149;
27/09/2017 23:44:13;;695.471;151.59;56.9973;114.71;52.968;56.9992;31842.2859;31842.7615;-0.475600000001577;6.2802739355331;0.109866950428113;149.9994202;150.0001526;6.519791603;149;
27/09/2017 23:44:14;;694.875;151.632;56.9973;114.62;52.986;56.9992;31842.2456;31842.7615;-0.515900000002148;6.41411307270002;-0.110792293678969;149.9989929;149.9988251;6.524664879;150;
27/09/2017 23:44:14;;694.755;151.626;56.9973;114.501;52.98;56.9992;31842.2848;31842.7615;-0.476699999999255;6.21647837038234;-0.157246871385723;149.996933;150.0016785;6.529608727;150;
27/09/2017 23:44:14;;694.398;151.668;56.9973;114.233;53.082;56.9992;31842.3052;31842.7615;-0.456300000001647;6.2891526994696;-0.023689960478805;149.9998322;149.9991608;6.535076141;151;
27/09/2017 23:44:15;;694.398;151.686;56.9973;114.143;53.082;56.9992;31842.2765;31842.7615;-0.485000000000582;6.44601084958474;0.185355639201589;149.9988708;149.9961243;6.539763451;151;
27/09/2017 23:44:16;;694.04;151.71;56.9973;114.203;52.998;56.9992;31842.2753;31842.7615;-0.486199999999371;6.37070578693851;-0.0178831382654607;150.0021057;150.0018768;6.545232296;152;
27/09/2017 23:44:16;;693.683;151.698;56.9973;113.726;53.232;56.9992;31842.2498;31842.7615;-0.511699999999109;6.19214397864664;0.21438975026831;149.9988556;149.9996338;6.550086021;153;
27/09/2017 23:44:17;;693.802;151.716;56.9973;113.398;53.34;56.9992;31842.2592;31842.7615;-0.502300000000105;6.34209643844477;-0.163053693599068;150.0006561;149.9994202;6.555034637;153;
27/09/2017 23:44:17;;693.325;151.728;56.9973;113.219;53.388;56.9992;31842.257;31842.7615;-0.504499999999098;6.21023035092865;-0.139826404745691;150.0021667;150.0002747;6.56001997;154;
27/09/2017 23:44:18;;693.087;151.74;56.9973;113.19;53.382;56.9992;31842.244;31842.7615;-0.517500000001746;6.27040864218639;0.162128350348212;149.9981079;149.9983978;6.56529808;154;
27/09/2017 23:44:18;;692.729;151.758;56.9973;113.219;53.382;56.9992;31842.2415;31842.7615;-0.520000000000437;6.33683494897784;-0.0120763160521165;149.9985962;149.9973602;6.569910049;155;
27/09/2017 23:44:19;;692.729;151.758;56.9973;113.13;53.43;56.9992;31842.2691;31842.7615;-0.492399999999179;6.31809089253272;-0.209508271305822;150.0003357;150.0015869;6.574483871;155;
27/09/2017 23:44:19;;692.61;151.776;56.9973;112.951;53.508;56.9992;31842.2419;31842.7615;-0.519599999999627;6.41444191576635;-0.157246871385723;150.0011902;149.9986115;6.579732418;156;
27/09/2017 23:44:20;;692.371;151.782;56.9973;112.981;53.544;56.9992;31842.2302;31842.7615;-0.531299999998737;6.45456076897045;0.150514705921523;149.9964294;149.9970551;6.584997654;156;
27/09/2017 23:44:20;;692.133;151.794;56.9973;113.041;53.568;56.9992;31842.231;31842.7615;-0.530500000000757;6.19674778252526;-0.1804741602391;150.002182;150.0028381;6.588777542;157;
27/09/2017 23:44:21;;692.133;151.812;56.9973;112.951;53.598;56.9992;31842.2105;31842.7615;-0.550999999999476;6.37892686393835;0.260844327975065;149.9999237;150;6.595789909;157;
27/09/2017 23:44:21;;692.014;151.818;56.9973;112.892;53.58;56.9992;31842.2125;31842.7615;-0.548999999999069;6.17767488063309;0.0227646172279492;149.9993134;149.9983521;6.600801945;158;
27/09/2017 23:44:22;;692.133;151.842;56.9973;112.862;53.562;56.9992;31842.2084;31842.7615;-0.553100000000995;6.2917834443258;0.00534415058791637;149.9983826;149.9979858;6.605448246;158;
27/09/2017 23:44:23;;691.894;151.83;56.9973;112.832;53.55;56.9992;31842.2147;31842.7615;-0.546800000000076;6.28750848393125;0.0169577950146049;150.0051727;149.9996338;6.60952425;159;
27/09/2017 23:44:23;;691.537;151.836;56.9973;112.802;53.502;56.9992;31842.1935;31842.7615;-0.567999999999302;6.50520259745945;0.127287417068146;149.999649;150.0010834;6.615118027;159;
27/09/2017 23:44:24;;691.775;151.86;56.9973;112.921;53.526;56.9992;31842.2099;31842.7615;-0.551599999998871;6.37596727622641;-0.0933718270389363;150.0033875;150.0019684;6.619794846;160;
27/09/2017 23:44:24;;691.537;151.842;56.9973;112.921;53.568;56.9992;31842.195;31842.7615;-0.566500000000815;6.22305523293028;0.0111509728012607;149.997879;150.0001678;6.62564373;160;
27/09/2017 23:44:25;;691.656;151.866;56.9973;112.772;53.61;56.9992;31842.1882;31842.7615;-0.573300000000017;6.40786505441763;0.330526194535196;150.0013123;150.0016785;6.629554272;161;
27/09/2017 23:44:25;;691.775;151.878;56.9973;112.564;53.682;56.9992;31842.1681;31842.7615;-0.593400000001566;6.56899814325842;0.208582928054966;149.9991913;149.9998169;6.635343075;161;
27/09/2017 23:44:26;;691.418;151.86;56.9973;112.474;53.7;56.9992;31842.1923;31842.7615;-0.569200000001729;6.22437060543554;-0.0585308937588707;149.9990845;149.9972534;6.639613628;162;
27/09/2017 23:44:26;;691.179;151.86;56.9973;112.504;53.718;56.9992;31842.2248;31842.7615;-0.536700000000565;6.44831275096589;0.0343782616546378;149.9978027;149.9988708;6.64470005;162;
27/09/2017 23:44:27;;691.179;151.908;56.9973;112.474;53.718;56.9992;31842.1878;31842.7615;-0.573700000000827;6.19674778252526;-0.0353036049054936;150.0012207;150.0006104;6.65028286;163;
27/09/2017 23:44:27;;691.06;151.89;56.9973;112.296;53.694;56.9992;31842.198;31842.7615;-0.563500000000204;6.25791260382225;0.272457972401753;149.9987946;149.9984741;6.654588699;163;
27/09/2017 23:44:28;;690.941;151.908;56.9973;112.266;53.7;56.9992;31842.1612;31842.7615;-0.60030000000188;6.22469944856163;0.353753483388573;149.999649;150.0025787;6.659846783;164;
27/09/2017 23:44:28;;690.941;151.902;56.9973;112.325;53.712;56.9992;31842.1733;31842.7615;-0.588200000001962;6.16846727272121;0.301492083468474;150.0028381;150.0024261;6.664846897;164;
27/09/2017 23:44:29;;691.06;151.908;56.9973;112.355;53.712;56.9992;31842.1577;31842.7615;-0.603800000000774;6.33025808710605;0.284071616828442;150.001297;150.0033569;6.669412613;165;
27/09/2017 23:44:29;;691.06;151.89;56.9973;112.355;53.724;56.9992;31842.2022;31842.7615;-0.559300000000803;6.30526601161307;-0.110792293678969;150.0009155;149.9995728;6.67513752;165;
27/09/2017 23:44:30;;690.702;151.89;56.9973;112.236;53.712;56.9992;31842.204;31842.7615;-0.557499999998981;6.2128610959657;0.167935172561556;150.0013733;150.0009766;6.680493832;166;
27/09/2017 23:44:30;;690.941;151.908;56.9973;112.147;53.688;56.9992;31842.2183;31842.7615;-0.54320000000007;6.22009564478816;0.127287417068146;150.0006409;150.0009613;6.684684277;166;
27/09/2017 23:44:31;;690.702;151.926;56.9973;112.266;53.718;56.9992;31842.1703;31842.7615;-0.591199999998935;6.30756791332806;0.0343782616546378;150.0020447;150.0014648;6.689971447;167;
27/09/2017 23:44:31;;690.822;151.902;56.9973;112.504;53.742;56.9992;31842.1898;31842.7615;-0.571700000000419;6.46968754921944;-0.0469172493321821;149.999588;149.998764;6.694901943;167;
27/09/2017 23:44:32;;690.702;151.914;56.9973;112.653;53.652;56.9992;31842.1904;31842.7615;-0.571100000001024;6.1454482526594;-0.174667338025756;150.0018311;150.0013428;6.699788094;168;
27/09/2017 23:44:32;;690.702;151.902;56.9973;112.623;53.574;56.9992;31842.1843;31842.7615;-0.577199999999721;6.17899025318656;-0.122405938105658;149.9997101;149.9996033;6.705448151;168;
27/09/2017 23:44:33;;690.702;151.89;56.9973;112.385;53.64;56.9992;31842.2043;31842.7615;-0.557199999999284;6.11585236915086;-0.34306518221274;149.9997406;150.0011749;6.710711479;169;
27/09/2017 23:44:33;;690.345;151.89;56.9973;112.325;53.73;56.9992;31842.1709;31842.7615;-0.59059999999954;6.26514715236576;0.353753483388573;150.0009155;150.0012512;6.715905666;169;
27/09/2017 23:44:34;;690.583;151.926;56.9973;112.266;53.766;56.9992;31842.1604;31842.7615;-0.60109999999986;6.2743547595356;0.138901061494835;150.0013428;150.0003815;6.719753265;170;
27/09/2017 23:44:34;;690.464;151.926;56.9973;112.266;53.754;56.9992;31842.1533;31842.7615;-0.60819999999876;6.39536901772786;-0.238542382372543;150.0013733;150.0014954;6.724569321;170;
27/09/2017 23:44:34;;690.345;151.932;56.9973;112.266;53.742;56.9992;31842.1838;31842.7615;-0.577700000001641;6.27862971998142;-0.279190137865953;149.9993134;149.9967651;6.729733944;171;
27/09/2017 23:44:35;;690.226;151.914;56.9973;112.266;53.754;56.9992;31842.1715;31842.7615;-0.590000000000146;6.2095726646685;-0.0991786492522806;149.9999847;149.9999695;6.735077381;171;
27/09/2017 23:44:35;;690.583;151.92;56.9973;112.266;53.784;56.9992;31842.1641;31842.7615;-0.597399999998743;6.08263921026292;-0.0701445381855592;150.0002899;149.9967041;6.739793777;172;
27/09/2017 23:44:36;;690.583;151.938;56.9973;112.236;53.766;56.9992;31842.1326;31842.7615;-0.628899999999703;6.29474303228138;0.0459919060813263;150.000885;149.9967194;6.744473934;173;
27/09/2017 23:44:37;;690.583;151.95;56.9973;112.117;53.742;56.9992;31842.137;31842.7615;-0.624500000001717;6.36116933753214;-0.244349204585887;150.0006561;150.0007629;6.750423431;173;
27/09/2017 23:44:37;;690.464;151.944;56.9973;112.117;53.754;56.9992;31842.165;31842.7615;-0.596499999999651;6.30427948230513;-0.244349204585887;149.9985199;149.9970398;6.754078865;174;
27/09/2017 23:44:38;;690.345;151.968;56.9973;112.117;53.772;56.9992;31842.1248;31842.7615;-0.636699999999109;6.34834445715128;-0.244349204585887;149.9980774;150.0000763;6.759570599;174;
27/09/2017 23:44:38;;690.226;151.962;56.9973;112.117;53.754;56.9992;31842.1573;31842.7615;-0.604200000001583;6.35426363273216;-0.203701449092478;149.9991455;149.9998016;6.764922619;175;
27/09/2017 23:44:39;;689.987;151.962;56.9973;112.176;53.73;56.9992;31842.1374;31842.7615;-0.624100000000908;6.22568597793935;-0.134019582532346;149.9996643;150.0009766;6.769927979;175;
27/09/2017 23:44:39;;690.106;151.932;56.9973;112.147;53.724;56.9992;31842.1833;31842.7615;-0.578199999999924;6.23916854601922;0.150514705921523;149.9967346;149.9994202;6.774418354;176;
27/09/2017 23:44:40;;690.106;151.956;56.9973;112.117;53.712;56.9992;31842.1643;31842.7615;-0.597200000000157;6.37333653158601;0.29568526125513;149.9996338;150.0013123;6.779287338;176;
27/09/2017 23:44:40;;690.583;151.932;56.9973;112.117;53.718;56.9992;31842.1463;31842.7615;-0.615200000000186;6.43614555788432;0.0866396615747362;149.9987793;150.0006256;6.785588264;177;
27/09/2017 23:44:41;;690.345;151.962;56.9973;111.998;53.712;56.9992;31842.1717;31842.7615;-0.58980000000156;6.37563843314675;-0.244349204585887;150.0002594;150.0019989;6.78976202;177;
27/09/2017 23:44:41;;690.106;151.932;56.9973;111.908;53.706;56.9992;31842.1727;31842.7615;-0.588800000001356;6.33223114567201;0.144707883708179;150.0017548;149.9985962;6.794892311;178;
27/09/2017 23:44:42;;689.987;151.938;56.9973;111.908;53.694;56.9992;31842.1443;31842.7615;-0.617200000000594;6.23226284043658;-0.226928737945855;149.9996033;149.9988251;6.799455166;178;
27/09/2017 23:44:42;;690.106;151.938;56.9973;111.849;53.682;56.9992;31842.1355;31842.7615;-0.626000000000204;6.35393478964525;0.289878439041786;150.0012665;150.0011597;6.804881573;179;
27/09/2017 23:44:43;;689.749;152.04;56.9973;111.759;53.706;56.9992;31842.1752;31842.7615;-0.586299999999028;6.3766249623854;-0.168860515812412;149.998291;150.0005493;6.810191631;179;
27/09/2017 23:44:43;;688.676;152.088;56.9973;111.491;53.79;56.9992;31842.144;31842.7615;-0.617500000000291;6.39767091923578;-0.284996960079297;150.0013885;149.9988403;6.815178871;180;
27/09/2017 23:44:44;;688.199;152.082;56.9973;111.342;53.844;56.9992;31842.1648;31842.7615;-0.596700000001874;6.32335238209544;0.109866950428113;150.0018768;149.9998779;6.820365429;180;
27/09/2017 23:44:44;;688.199;152.1;56.9973;111.342;53.844;56.9992;31842.1605;31842.7615;-0.600999999998749;6.45357423981476;0.0576055505080149;149.9997864;150.0023651;6.825182438;181;
27/09/2017 23:44:45;;687.961;152.124;56.9973;111.372;53.868;56.9992;31842.1327;31842.7615;-0.628800000002229;6.3141447753433;-0.0411104271188378;150.0013733;149.9994812;6.830574989;181;
27/09/2017 23:44:45;;687.722;152.094;56.9973;111.372;53.862;56.9992;31842.1647;31842.7615;-0.596799999999348;6.29211228743237;-0.157246871385723;150.0020905;149.9998474;6.834917068;182;
27/09/2017 23:44:46;;687.841;152.082;56.9973;111.372;53.844;56.9992;31842.1806;31842.7615;-0.580900000000838;6.12407344796612;-0.238542382372543;150.0044861;150.0013123;6.839927197;182;
27/09/2017 23:44:46;;688.199;152.106;56.9973;111.372;53.826;56.9992;31842.1897;31842.7615;-0.571800000001531;6.09612177980259;-0.0933718270389363;149.9990234;149.9992218;6.845002174;183;
27/09/2017 23:44:47;;688.199;152.1;56.9973;111.402;53.808;56.9992;31842.0999;31842.7615;-0.661599999999453;6.41904571868274;0.284071616828442;149.9999542;150.0013275;6.85044384;183;
27/09/2017 23:44:47;;688.199;152.094;56.9973;111.431;53.826;56.9992;31842.1137;31842.7615;-0.647799999998824;6.32335238209544;-0.157246871385723;149.9996796;149.9995117;6.854576111;184;
27/09/2017 23:44:48;;688.08;152.112;56.9973;111.491;53.862;56.9992;31842.141;31842.7615;-0.620500000000902;6.33913685062297;-0.279190137865953;150.0002289;150.0004883;6.86067915;184;
27/09/2017 23:44:48;;688.08;152.106;56.9973;111.491;53.856;56.9992;31842.1437;31842.7615;-0.617799999999988;6.41214001429959;-0.0120763160521165;150.0009155;150.0010376;6.865504265;185;
27/09/2017 23:44:49;;688.557;152.1;56.9973;111.402;53.802;56.9992;31842.1063;31842.7615;-0.655200000001059;6.35031751568212;-0.0294967826921493;150.0027466;150.0024414;6.868825436;185;
27/09/2017 23:44:49;;688.676;152.076;56.9973;111.342;53.82;56.9992;31842.1325;31842.7615;-0.629000000000815;6.22108217416968;-0.22112191573251;150.0009155;150.0002594;6.874337196;186;
27/09/2017 23:44:50;;688.437;152.106;56.9973;111.253;53.826;56.9992;31842.1574;31842.7615;-0.604100000000471;6.33354651804722;-0.0120763160521165;149.9976044;149.9991608;6.880265713;186;
27/09/2017 23:44:50;;687.961;152.094;56.9973;111.133;53.844;56.9992;31842.1622;31842.7615;-0.599300000001676;6.2891526994696;0.080832839361392;150.0005646;150.0014648;6.884716988;187;
27/09/2017 23:44:51;;688.199;152.088;56.9973;111.014;53.91;56.9992;31842.1278;31842.7615;-0.633700000002136;6.36412892528883;-0.192087804665789;150.0015869;150.0002594;6.889808178;187;
27/09/2017 23:44:52;;688.557;152.082;56.9973;111.014;53.886;56.9992;31842.1119;31842.7615;-0.649600000000646;6.26613368170901;-0.290803782292642;149.9998322;149.9989471;6.895504475;188;
27/09/2017 23:44:52;;688.199;152.058;56.9973;111.014;53.88;56.9992;31842.1144;31842.7615;-0.647100000001956;6.22568597793935;0.29568526125513;149.9986877;149.996048;6.899738789;188;
27/09/2017 23:44:53;;688.318;152.07;56.9973;111.014;53.874;56.9992;31842.114;31842.7615;-0.647499999999127;6.15597123330849;-0.000462671625427902;150.0029297;150.0023193;6.904764652;189;
27/09/2017 23:44:53;;688.318;152.07;56.9973;111.193;53.856;56.9992;31842.1483;31842.7615;-0.613199999999779;6.2542953295332;0.249230683548376;149.9982452;150.0001984;6.909870148;189;
27/09/2017 23:44:54;;688.318;152.058;56.9973;111.312;53.814;56.9992;31842.1423;31842.7615;-0.619200000001001;6.26514715236576;0.0169577950146049;150.0009766;150.000473;6.915459633;190;
27/09/2017 23:44:54;;688.557;152.034;56.9973;111.491;53.772;56.9992;31842.13;31842.7615;-0.631499999999505;6.30395063920227;0.150514705921523;149.9993896;150.0009766;6.91936636;190;


27/09/2017 23:44:55;;688.676;152.082;56.9973;111.61;53.778;56.9992;31842.1177;31842.7615;-0.643800000001647;6.43943398846314;-0.151440049172379;150.001709;150.0010986;6.916512966;191;
27/09/2017 23:44:55;;688.557;152.064;56.9973;111.67;53.79;56.9992;31842.1334;31842.7615;-0.628100000001723;6.39339595928805;-0.192087804665789;149.9987793;149.9997864;6.911123753;191;
27/09/2017 23:44:56;;688.318;152.082;56.9973;111.58;53.784;56.9992;31842.1836;31842.7615;-0.577900000000227;6.16452115502475;-0.418553870986216;150.0001526;149.9997406;6.905469418;192;
27/09/2017 23:44:56;;688.08;152.076;56.9973;111.491;53.76;56.9992;31842.1577;31842.7615;-0.603800000000774;6.20398233144297;-0.360485648852773;150.0018005;149.99823;6.901155472;192;
27/09/2017 23:44:57;;687.961;152.1;56.9973;111.521;53.766;56.9992;31842.1406;31842.7615;-0.620900000001711;6.18162099828947;-0.38371293770615;150.0001831;149.9996948;6.89688158;193;
27/09/2017 23:44:57;;688.08;152.13;56.9973;111.551;53.784;56.9992;31842.1268;31842.7615;-0.63470000000234;6.38780562701973;0.121480594854802;149.9989471;149.9995117;6.891072273;193;
27/09/2017 23:44:58;;688.08;152.118;56.9973;111.491;53.778;56.9992;31842.1395;31842.7615;-0.621999999999389;6.26712021105139;-0.255962849012576;149.9981995;149.9981232;6.886325359;194;
27/09/2017 23:44:58;;687.841;152.112;56.9973;111.431;53.808;56.9992;31842.1218;31842.7615;-0.639699999999721;6.25265111394348;-0.139826404745691;150.0000458;149.9973297;6.880236149;194;
27/09/2017 23:44:59;;687.961;152.124;56.9973;111.372;53.826;56.9992;31842.1228;31842.7615;-0.638699999999517;6.16221925302966;-0.0411104271188378;150.0001221;149.9972229;6.876537323;195;
27/09/2017 23:44:59;;687.603;152.142;56.9973;111.253;53.838;56.9992;31842.1258;31842.7615;-0.635699999998906;6.32335238209544;0.29568526125513;149.9992981;150.0010986;6.871314049;195;
27/09/2017 23:45:00;;687.603;152.136;56.9973;111.282;53.862;56.9992;31842.1246;31842.7615;-0.636900000001333;6.27007979907333;0.138901061494835;150.0014343;149.999115;6.866232872;196;
27/09/2017 23:45:00;;687.603;152.136;56.9973;111.342;53.874;56.9992;31842.1409;31842.7615;-0.620600000002014;6.41773034642325;0.0169577950146049;150.0018616;150.0025635;6.861544609;196;
27/09/2017 23:45:01;;687.603;152.154;56.9973;111.342;53.898;56.9992;31842.17;31842.7615;-0.59150000000227;6.41312654350033;-0.226928737945855;150.0020142;150.0005798;6.855993748;197;
27/09/2017 23:45:01;;687.245;152.19;56.9973;111.163;53.91;56.9992;31842.1608;31842.7615;-0.600699999999051;6.30263526678985;0.25503750576172;149.9980621;149.9969482;6.851072788;197;
27/09/2017 23:45:02;;687.245;152.16;56.9973;110.925;53.952;56.9992;31842.142;31842.7615;-0.619500000000698;6.35985396519299;0.318912550108507;150.0001221;150.0013733;6.846029758;198;
27/09/2017 23:45:02;;687.245;152.166;56.9973;110.776;53.97;56.9992;31842.1129;31842.7615;-0.648600000000442;6.32861387163152;-0.110792293678969;149.9993134;150.0009155;6.841083527;198;
27/09/2017 23:45:03;;687.126;152.19;56.9973;110.746;53.988;56.9992;31842.1474;31842.7615;-0.614099999998871;6.25857029005539;-0.209508271305822;150.0007629;149.9994659;6.836285114;199;
27/09/2017 23:45:03;;687.126;152.202;56.9973;110.656;54.066;56.9992;31842.1022;31842.7615;-0.659299999999348;6.19247282178139;-0.0701445381855592;149.9998779;150.0001526;6.831253052;199;
27/09/2017 23:45:04;;687.007;152.202;56.9973;110.597;54.054;56.9992;31842.1337;31842.7615;-0.627800000002026;6.40095934995167;-0.0933718270389363;150.0003052;150.0019531;6.824995995;200;
27/09/2017 23:45:04;;687.007;152.202;56.9973;110.388;54.018;56.9992;31842.1547;31842.7615;-0.606800000001385;6.26580483859469;0.0459919060813263;150.0011444;149.998703;6.820986748;201;
27/09/2017 23:45:06;;686.649;152.25;56.9973;110.12;54.222;56.9992;31842.1588;31842.7615;-0.602699999999459;6.17044033156498;0.202776105841622;150.0011749;150.0007935;6.815398216;202;
27/09/2017 23:45:06;;686.53;152.25;56.9973;110.15;54.21;56.9992;31842.1199;31842.7615;-0.641599999999016;6.41312654350033;0.0924464837880805;149.9980621;149.9999695;6.811073303;202;
27/09/2017 23:45:07;;686.411;152.244;56.9973;110.239;54.156;56.9992;31842.1262;31842.7615;-0.635300000001735;6.43976283152036;-0.00626949383877218;149.9974518;149.9998322;6.806267738;203;
27/09/2017 23:45:07;;686.292;152.244;56.9973;110.209;54.192;56.9992;31842.1408;31842.7615;-0.620699999999488;6.47231829358387;-0.267576493439265;149.9973602;149.9975281;6.801007748;203;
27/09/2017 23:45:08;;686.411;152.232;56.9973;110.299;54.174;56.9992;31842.1484;31842.7615;-0.613100000002305;6.21154572344788;0.138901061494835;150.0014343;150.0005035;6.796145916;204;
27/09/2017 23:45:08;;686.292;152.256;56.9973;110.269;54.21;56.9992;31842.14;31842.7615;-0.621500000001106;6.20727076275519;-0.087565004825592;149.9985352;149.998642;6.790961266;204;
27/09/2017 23:45:09;;686.292;152.274;56.9973;110.09;54.294;56.9992;31842.1486;31842.7615;-0.612900000000081;6.31644667703894;-0.151440049172379;150.0025024;149.9995575;6.785694599;205;
27/09/2017 23:45:09;;686.292;152.256;56.9973;110.001;54.336;56.9992;31842.1436;31842.7615;-0.6179000000011;6.35031751568212;-0.134019582532346;150.0002289;150.0036011;6.780188084;205;
27/09/2017 23:45:10;;686.053;152.292;56.9973;110.388;54.264;56.9992;31842.1649;31842.7615;-0.596600000000763;6.28882385636213;0.191162461414933;150.0000458;150.000473;6.776283264;207;
27/09/2017 23:45:11;;686.053;152.28;56.9973;110.627;54.12;56.9992;31842.1898;31842.7615;-0.571700000000419;6.11979848698813;-0.145633226959035;149.9981995;149.9969177;6.771025658;207;
27/09/2017 23:45:11;;685.815;152.292;56.9973;110.329;54.27;56.9992;31842.1496;31842.7615;-0.611899999999878;6.20529770396892;0.0866396615747362;149.9999695;149.9997559;6.765879631;208;
27/09/2017 23:45:12;;685.576;152.28;56.9973;110.001;54.306;56.9992;31842.1536;31842.7615;-0.607899999999063;6.16189040988718;-0.168860515812412;150.0005493;149.9995575;6.760539055;208;
27/09/2017 23:45:13;;685.576;152.292;56.9973;109.792;54.294;56.9992;31842.172;31842.7615;-0.589500000001863;6.4506146523411;0.0634123727213591;150.0002136;149.9981689;6.755666733;209;
27/09/2017 23:45:13;;685.576;152.292;56.9973;109.703;54.282;56.9992;31842.155;31842.7615;-0.606500000001688;6.2904680718985;0.196969283628277;149.9987946;149.996521;6.751325607;209;
27/09/2017 23:45:14;;685.457;152.328;56.9973;109.584;54.288;56.9992;31842.1766;31842.7615;-0.584900000001653;6.26218756433083;-0.116599115892313;150.0007477;150.0013428;6.745256901;211;
27/09/2017 23:45:15;;685.338;152.304;56.9973;109.554;54.27;56.9992;31842.1523;31842.7615;-0.609199999998964;6.40950926975916;0.0517987282946706;150.0010529;149.9990082;6.74136734;211;
27/09/2017 23:45:16;;685.576;152.304;56.9973;109.464;54.252;56.9992;31842.1538;31842.7615;-0.607700000000477;6.37037694385707;-0.116599115892313;150.002655;150.0035553;6.736621857;212;
27/09/2017 23:45:16;;685.457;152.316;56.9973;109.405;54.21;56.9992;31842.1604;31842.7615;-0.60109999999986;6.28981038568425;-0.0643377159722149;149.9967041;149.9977875;6.730751514;212;
27/09/2017 23:45:17;;685.457;152.316;56.9973;109.375;54.204;56.9992;31842.1619;31842.7615;-0.599600000001374;6.18227868456434;-0.296610604505986;149.9998779;150.0034332;6.726175785;213;
27/09/2017 23:45:17;;684.98;152.34;56.9973;109.375;54.222;56.9992;31842.2161;31842.7615;-0.545399999999063;6.32631196996278;-0.128212760319002;149.9986877;149.9980927;6.721258163;213;
27/09/2017 23:45:18;;685.1;152.334;56.9973;109.375;54.24;56.9992;31842.1622;31842.7615;-0.599300000001676;6.21318993909493;0.104060128214769;149.9983978;149.9972687;6.716000557;214;
27/09/2017 23:45:18;;684.98;152.334;56.9973;109.375;54.24;56.9992;31842.1602;31842.7615;-0.601300000002084;6.26909326973355;0.301492083468474;149.9961853;149.9977112;6.711810112;214;
27/09/2017 23:45:19;;684.98;152.364;56.9973;109.584;54.306;56.9992;31842.1732;31842.7615;-0.588299999999435;6.14775015468341;-0.00626949383877218;150.0000763;149.99646;6.706112385;215;
27/09/2017 23:45:20;;684.861;152.346;56.9973;109.673;54.306;56.9992;31842.169;31842.7615;-0.592499999998836;6.22502829168762;-0.0411104271188378;150.0001831;149.9980774;6.70140934;216;
27/09/2017 23:45:20;;685.1;152.346;56.9973;109.673;54.306;56.9992;31842.1572;31842.7615;-0.604299999999057;6.52131590589029;-0.0933718270389363;149.996994;149.9991302;6.694845676;216;
27/09/2017 23:45:21;;684.861;152.34;56.9973;109.643;54.318;56.9992;31842.1731;31842.7615;-0.588400000000547;6.37037694385707;0.0634123727213591;149.9998474;149.9976501;6.691049099;217;
27/09/2017 23:45:21;;684.742;152.358;56.9973;109.643;54.318;56.9992;31842.2035;31842.7615;-0.558000000000902;6.35525016199223;0.226003394694999;150.0010376;150.0008087;6.685689926;218;
27/09/2017 23:45:22;;684.98;152.376;56.9973;109.524;54.27;56.9992;31842.2088;31842.7615;-0.552700000000186;6.17964793946279;-0.1804741602391;149.9992676;149.9970703;6.681388855;218;
27/09/2017 23:45:22;;684.742;152.364;56.9973;109.435;54.27;56.9992;31842.2094;31842.7615;-0.552100000000792;6.22831672294262;0.330526194535196;149.9998169;150.0006104;6.675360203;219;
27/09/2017 23:45:23;;684.623;152.382;56.9973;109.584;54.336;56.9992;31842.1835;31842.7615;-0.578000000001339;6.19937852759113;0.301492083468474;149.9999084;149.9990234;6.670669079;220;
27/09/2017 23:45:24;;684.861;152.364;56.9973;109.613;54.336;56.9992;31842.1994;31842.7615;-0.562099999999191;6.39273827314054;-0.087565004825592;150.0006866;150.0018311;6.666257381;220;
27/09/2017 23:45:24;;684.861;152.37;56.9973;109.613;54.318;56.9992;31842.1685;31842.7615;-0.593000000000757;6.24114160474964;-0.0759513603989035;150.0003357;149.9996185;6.661189079;220;
27/09/2017 23:45:25;;684.861;152.358;56.9973;109.554;54.3;56.9992;31842.1814;31842.7615;-0.58009999999922;6.37991339317365;-0.192087804665789;149.9981384;149.9984741;6.655882359;221;
27/09/2017 23:45:25;;684.623;152.388;56.9973;109.405;54.264;56.9992;31842.2019;31842.7615;-0.559600000000501;6.13689833082182;-0.314031071146019;150.0011597;149.9997864;6.650788307;221;
27/09/2017 23:45:26;;684.503;152.382;56.9973;109.405;54.27;56.9992;31842.2465;31842.7615;-0.514999999999418;6.23489358542523;-0.26176967122592;150.0009766;149.9978027;6.646515369;222;
27/09/2017 23:45:26;;684.742;152.406;56.9973;109.405;54.282;56.9992;31842.2137;31842.7615;-0.547800000000279;6.27632781820496;0.121480594854802;150.0029297;150.0035095;6.641140461;222;
27/09/2017 23:45:27;;684.384;152.4;56.9973;109.375;54.252;56.9992;31842.2219;31842.7615;-0.539600000000064;6.39043637162067;0.00534415058791637;150.0025787;150.0018921;6.636257172;223;
27/09/2017 23:45:27;;684.384;152.406;56.9973;109.405;54.264;56.9992;31842.2147;31842.7615;-0.546800000000076;6.16945380214347;-0.331451537786052;150.0011292;150.0041809;6.631646633;223;
27/09/2017 23:45:28;;684.503;152.4;56.9973;109.435;54.282;56.9992;31842.2358;31842.7615;-0.525700000001962;6.12867725208175;-0.215315093519166;150.001358;150.0017395;6.626169682;224;
27/09/2017 23:45:28;;684.384;152.424;56.9973;109.405;54.27;56.9992;31842.2249;31842.7615;-0.536599999999453;6.24179929099237;-0.26176967122592;150.0014648;150.000946;6.620727539;225;
27/09/2017 23:45:29;;684.265;152.382;56.9973;109.345;54.246;56.9992;31842.2135;31842.7615;-0.547999999998865;6.42825332444645;-0.0294967826921493;149.9989319;149.9974365;6.616049767;225;
27/09/2017 23:45:29;;684.384;152.394;56.9973;109.315;54.24;56.9992;31842.2271;31842.7615;-0.53440000000046;6.44173588986118;-0.122405938105658;149.9980621;149.9974365;6.610381603;226;
27/09/2017 23:45:30;;684.384;152.418;56.9973;109.286;54.24;56.9992;31842.2262;31842.7615;-0.535299999999552;6.49402193428425;-0.203701449092478;149.9998474;150.0018311;6.606930733;226;
27/09/2017 23:45:30;;684.623;152.424;56.9973;109.286;54.234;56.9992;31842.2458;31842.7615;-0.515699999999924;6.52032937681169;-0.110792293678969;150.0034485;150.0020142;6.600419998;227;
27/09/2017 23:45:31;;684.265;152.424;56.9973;109.226;54.234;56.9992;31842.2092;31842.7615;-0.552299999999377;6.26448946613645;0.191162461414933;150.0007324;150.0009766;6.595436573;227;
27/09/2017 23:45:31;;684.265;152.418;56.9973;109.166;54.24;56.9992;31842.24;31842.7615;-0.521499999998923;6.27172401463768;-0.203701449092478;150.0013885;150.0010376;6.591212273;228;
27/09/2017 23:45:32;;684.384;152.412;56.9973;109.226;54.258;56.9992;31842.22;31842.7615;-0.54149999999936;6.374323060827;-0.0178831382654607;149.9988861;149.9980469;6.585151672;228;
27/09/2017 23:45:32;;684.384;152.412;56.9973;109.286;54.27;56.9992;31842.2327;31842.7615;-0.528800000000047;6.24377234971833;0.127287417068146;150.002182;149.9998779;6.580939293;229;
27/09/2017 23:45:33;;684.265;152.4;56.9973;109.405;54.306;56.9992;31842.2445;31842.7615;-0.516999999999825;6.16846727272121;-0.0585308937588707;149.9982605;150.0002441;6.576683044;229;
27/09/2017 23:45:33;;684.384;152.412;56.9973;109.464;54.324;56.9992;31842.2358;31842.7615;-0.525700000001962;6.49303540517346;0.080832839361392;149.9967804;150.0002441;6.570256233;230;
27/09/2017 23:45:34;;684.384;152.418;56.9973;109.524;54.342;56.9992;31842.2584;31842.7615;-0.503100000001723;6.1668230570158;-0.139826404745691;149.9989014;149.9980469;6.566037178;230;
27/09/2017 23:45:34;;685.1;152.352;56.9973;109.584;54.336;56.9992;31842.2746;31842.7615;-0.486899999999878;6.36051165136278;-0.418553870986216;149.998291;149.9988098;6.561727047;230;
27/09/2017 23:45:35;;685.457;152.322;56.9973;109.643;54.306;56.9992;31842.2374;31842.7615;-0.524099999998725;6.3746519039071;0.237617039121687;150.0013275;150.0009918;6.55612278;231;
27/09/2017 23:45:35;;685.815;152.31;56.9973;109.703;54.324;56.9992;31842.2481;31842.7615;-0.51339999999982;6.3582097497666;-0.104985471465625;149.9980164;149.9978333;6.550879002;232;
27/09/2017 23:45:36;;686.053;152.286;56.9973;109.762;54.324;56.9992;31842.2568;31842.7615;-0.504700000001321;6.29474303228138;0.25503750576172;149.9984436;150.0002136;6.546141148;232;
27/09/2017 23:45:36;;685.934;152.292;56.9973;109.762;54.33;56.9992;31842.2904;31842.7615;-0.471099999998842;6.31217171674303;-0.226928737945855;149.9967499;149.9980469;6.540864944;233;
27/09/2017 23:45:37;;686.292;152.286;56.9973;109.852;54.366;56.9992;31842.2861;31842.7615;-0.475399999999354;6.3411099091718;-0.192087804665789;150.0008545;149.9999237;6.536661148;233;
27/09/2017 23:45:37;;686.53;152.268;56.9973;110.09;54.426;56.9992;31842.3103;31842.7615;-0.451199999999517;6.43088406893336;0.156321528134868;150.0000305;149.998642;6.530208111;234;
27/09/2017 23:45:38;;686.172;152.256;56.9973;110.15;54.444;56.9992;31842.295;31842.7615;-0.46650000000227;6.44107820374806;0.21438975026831;150.0001526;150.0006409;6.525543213;234;
27/09/2017 23:45:38;;686.411;152.256;56.9973;110.12;54.414;56.9992;31842.3163;31842.7615;-0.445200000001932;6.1681384295803;0.249230683548376;150.0004578;150.0013123;6.520876408;235;
27/09/2017 23:45:39;;686.53;152.256;56.9973;110.09;54.336;56.9992;31842.3104;31842.7615;-0.451100000002043;6.47231829358387;-0.128212760319002;149.9972992;149.9969025;6.515835285;235;
27/09/2017 23:45:39;;686.411;152.25;56.9973;110.269;54.18;56.9992;31842.3094;31842.7615;-0.452100000002247;6.34834445715128;0.0517987282946706;149.9990234;150.0013275;6.51062727;236;
27/09/2017 23:45:40;;686.411;152.244;56.9973;110.358;54.21;56.9992;31842.3177;31842.7615;-0.44380000000092;6.39701323309123;0.0866396615747362;150.0011292;149.9992218;6.506681442;236;
27/09/2017 23:45:40;;686.53;152.25;56.9973;110.567;54.18;56.9992;31842.3018;31842.7615;-0.45969999999943;6.54170417324852;-0.0527240715455264;149.9989929;149.9990845;6.500688076;237;
27/09/2017 23:45:41;;686.768;152.28;56.9973;110.776;54.144;56.9992;31842.3194;31842.7615;-0.44210000000021;6.30888328573438;-0.0817581826122478;150.0020142;149.9998474;6.496145725;237;
27/09/2017 23:45:41;;687.007;152.262;56.9973;110.895;54.084;56.9992;31842.3157;31842.7615;-0.445800000001327;6.16353462559877;-0.087565004825592;149.999939;149.9989319;6.490036964;237;
27/09/2017 23:45:42;;687.126;152.238;56.9973;110.925;54.03;56.9992;31842.2706;31842.7615;-0.490900000000693;6.43943398846314;-0.104985471465625;149.9996338;149.9988251;6.486402512;238;
27/09/2017 23:45:42;;687.364;152.238;56.9973;110.865;54.024;56.9992;31842.3265;31842.7615;-0.43500000000131;6.43154175505389;-0.1804741602391;149.9995117;149.9979553;6.480517387;239;
27/09/2017 23:45:43;;687.245;152.22;56.9973;110.835;54;56.9992;31842.329;31842.7615;-0.432499999998981;6.34078106608059;-0.354678826639429;149.9985962;150.0005188;6.475186348;239;
27/09/2017 23:45:43;;687.364;152.214;56.9973;110.806;54.054;56.9992;31842.3684;31842.7615;-0.393100000001141;6.35294826038388;0.185355639201589;150.0013733;150.0003662;6.470740318;240;
27/09/2017 23:45:44;;687.722;152.214;56.9973;110.776;54.108;56.9992;31842.3242;31842.7615;-0.437300000001414;6.40095934995167;0.127287417068146;150.0023651;150.0034485;6.466012955;240;
27/09/2017 23:45:44;;687.722;152.22;56.9973;110.656;54.21;56.9992;31842.3543;31842.7615;-0.407200000001467;6.36084049444752;-0.0469172493321821;150.0005188;150.0016785;6.461633682;241;
27/09/2017 23:45:45;;688.318;152.184;56.9973;111.014;54.048;56.9992;31842.3366;31842.7615;-0.424900000001799;6.33091577329512;0.266651150188409;150.0012054;149.9996338;6.456159115;242;
27/09/2017 23:45:46;;688.437;152.166;56.9973;111.223;54;56.9992;31842.3777;31842.7615;-0.38379999999961;6.31250055984333;-0.0469172493321821;149.9986877;150.0006104;6.451198578;243;
27/09/2017 23:45:47;;688.557;152.166;56.9973;111.431;53.964;56.9992;31842.3509;31842.7615;-0.410599999999249;6.42430720770189;0.0343782616546378;149.9998169;149.9986877;6.446248055;243;
27/09/2017 23:45:47;;689.033;152.148;56.9973;111.491;53.97;56.9992;31842.3849;31842.7615;-0.376599999999598;6.25561070200327;-0.157246871385723;149.9990845;149.9963531;6.441150665;244;
27/09/2017 23:45:48;;689.749;152.136;56.9973;111.58;53.94;56.9992;31842.3796;31842.7615;-0.381900000000314;6.32137932351254;-0.372099293279462;150.0006714;150.000473;6.43608427;244;
27/09/2017 23:45:48;;690.583;152.112;56.9973;111.759;53.994;56.9992;31842.3953;31842.7615;-0.36620000000039;6.19477472372221;0.162128350348212;150.000824;150.0010071;6.431470871;245;
27/09/2017 23:45:49;;691.418;152.082;56.9973;111.938;54.036;56.9992;31842.3742;31842.7615;-0.387300000002142;6.40786505441763;0.104060128214769;149.9966125;149.9990082;6.426068306;245;
27/09/2017 23:45:49;;692.729;152.07;56.9973;112.206;54.042;56.9992;31842.3634;31842.7615;-0.39810000000216;6.28060277864314;-0.157246871385723;150.0003357;149.9991455;6.42140007;246;
27/09/2017 23:45:50;;694.159;152.106;56.9973;112.564;54.072;56.9992;31842.411;31842.7615;-0.350500000000466;6.14676362524503;-0.145633226959035;149.9972229;150.0001526;6.415891171;246;
27/09/2017 23:45:50;;700.954;153.144;56.9973;113.637;54.33;56.9992;31842.6018;31842.7615;-0.159700000000157;5.87678337939801;-0.62759947066661;149.999115;149.9987793;6.41006279;247;
27/09/2017 23:45:51;;751.022;155.298;56.9973;118.524;56.592;56.9992;31842.5586;31842.7615;-0.202900000000227;5.98168435670903;-0.331451537786052;150.0022278;150.0018311;6.405743599;247;
27/09/2017 23:45:51;;780.586;155.592;56.9973;125.916;59.022;56.9992;31842.5854;31842.7615;-0.176100000000588;6.08362573974553;0.231810216908343;150.0004883;149.9989319;6.399806976;248;
27/09/2017 23:45:52;;811.223;153.816;56.9973;130.058;61.26;56.9992;31842.6227;31842.7615;-0.138800000000629;6.03166851948536;-0.151440049172379;150.0007324;150.0010071;6.380853176;249;
27/09/2017 23:45:53;;853.304;150.654;56.9973;141.562;59.916;56.9992;31842.6746;31842.7615;-0.0869000000020606;5.95669227481457;0.0227646172279492;150.0009155;150.003006;6.361239433;250;
27/09/2017 23:45:54;;874.761;143.988;56.9973;159.622;57.438;56.9992;31842.7914;31842.7615;0.0298999999977241;5.75708445332733;-0.0701445381855592;150.0009003;150.0018158;6.340476036;251;
27/09/2017 23:45:55;;868.324;137.01;56.9973;185.848;48.906;56.9992;31842.7348;31842.7615;-0.0267000000021653;6.45127233844721;-0.104985471465625;150.0041199;149.9997101;6.320976734;252;
27/09/2017 23:45:56;;864.271;135.456;56.9973;211.538;38.946;56.9992;31842.7944;31842.7615;0.0328999999983353;6.35459247581896;0.440855816588737;150.0014648;150.0017395;6.301250935;253;
27/09/2017 23:45:57;;863.913;135.414;56.9973;218.392;36.624;56.9992;31842.7727;31842.7615;0.0112000000008265;6.35656553433748;-0.290803782292642;149.9977264;149.9993744;6.280413151;254;
27/09/2017 23:45:58;;864.033;135.426;56.9973;220.568;36.264;56.9992;31842.7534;31842.7615;-0.0080999999991036;6.47330482271848;-0.0527240715455264;150.0005341;149.9998169;6.260926247;255;
27/09/2017 23:45:59;;863.794;135.42;56.9973;220.33;36.204;56.9992;31842.7474;31842.7615;-0.014100000000326;6.5038872253289;-0.0701445381855592;149.9981384;149.9964905;6.241372585;256;
27/09/2017 23:46:01;;864.033;135.444;56.9973;219.674;36.258;56.9992;31842.7737;31842.7615;0.0122000000010303;6.45423192591868;-0.000462671625427902;150.0000763;149.9993439;6.221122742;257;
27/09/2017 23:46:01;;864.033;135.432;56.9973;219.555;36.288;56.9992;31842.7328;31842.7615;-0.0286999999989348;6.28191815108232;-0.238542382372543;150.0016632;149.999527;6.200283051;258;
27/09/2017 23:46:02;;864.033;135.438;56.9973;219.495;36.252;56.9992;31842.7804;31842.7615;0.0188999999991211;6.38780562701973;0.301492083468474;150.0015564;150.0025482;6.180466652;259;
27/09/2017 23:46:03;;864.152;135.42;56.9973;219.614;36.234;56.9992;31842.753;31842.7615;-0.00849999999991269;6.40523430986516;-0.0353036049054936;149.9980011;149.9975128;6.162111282;260;
27/09/2017 23:46:04;;863.913;135.438;56.9973;220.21;36.18;56.9992;31842.7824;31842.7615;0.0208999999995285;6.32795618544097;0.0750260171480477;149.9968872;149.9949188;6.141218185;260;
27/09/2017 23:46:05;;864.033;135.432;56.9973;220.33;36.174;56.9992;31842.7988;31842.7615;0.0372999999999593;6.29901799264734;0.237617039121687;149.9977112;149.9999084;6.12096405;261;
27/09/2017 23:46:06;;864.271;135.42;56.9973;219.972;36.162;56.9992;31842.7988;31842.7615;0.0372999999999593;6.36281355295362;-0.0643377159722149;149.9977875;149.9958496;6.100601673;262;
27/09/2017 23:46:07;;864.152;135.438;56.9973;220.061;36.15;56.9992;31842.7601;31842.7615;-0.00140000000101281;6.29671609091394;0.359560305601917;150.0049133;150.00354;6.080312729;263;
27/09/2017 23:46:08;;864.033;135.426;56.9973;220.21;36.144;56.9992;31842.7905;31842.7615;0.0289999999986321;6.26613368170901;0.0111509728012607;150.0016785;150.00177;6.06051445;264;
27/09/2017 23:46:09;;864.033;135.426;56.9973;220.031;36.192;56.9992;31842.7643;31842.7615;0.00279999999838765;6.47034523531129;0.243423861335032;149.999176;149.9980774;6.040973663;265;
27/09/2017 23:46:10;;864.39;135.444;56.9973;219.674;36.162;56.9992;31842.7636;31842.7615;0.00209999999788124;6.27172401463768;-0.238542382372543;149.9946899;149.9994354;6.020051479;266;
27/09/2017 23:46:11;;864.033;135.426;56.9973;220.121;36.126;56.9992;31842.7393;31842.7615;-0.0221999999994296;6.47231829358387;0.284071616828442;150.0002594;150.0008698;6.000219345;267;
27/09/2017 23:46:12;;864.033;135.444;56.9973;220.359;36.156;56.9992;31842.7824;31842.7615;0.0208999999995285;6.36412892528883;-0.308224248932675;149.9969788;149.9985352;5.981173992;268;
27/09/2017 23:46:13;;864.033;135.444;56.9973;220.419;36.18;56.9992;31842.803;31842.7615;0.0414999999993597;6.15399817444307;0.313105727895163;150.0003204;149.9986572;5.96100235;269;
27/09/2017 23:46:14;;864.152;135.438;56.9973;220.747;36.234;56.9992;31842.7699;31842.7615;0.00839999999880092;6.56275012611007;-0.0585308937588707;150.0005188;149.9998016;5.940997124;270;
27/09/2017 23:46:15;;864.271;135.432;56.9973;220.955;36.264;56.9992;31842.7592;31842.7615;-0.00230000000010477;6.22009564478816;0.25503750576172;150.0007324;149.999115;5.920189857;271;
27/09/2017 23:46:16;;864.033;135.42;56.9973;220.449;36.18;56.9992;31842.7475;31842.7615;-0.0139999999992142;6.54367723135279;0.289878439041786;149.9965057;149.995636;5.901106834;273;
27/09/2017 23:46:18;;864.271;135.432;56.9973;220.359;36.162;56.9992;31842.7792;31842.7615;0.0177000000003318;6.50947755686947;-0.134019582532346;150.0012207;150.0006104;5.881076813;274;
27/09/2017 23:46:19;;864.033;135.432;56.9973;220.18;36.132;56.9992;31842.7357;31842.7615;-0.0257999999994354;6.43384365647203;-0.116599115892313;150.0017242;150.0002136;5.861134052;276;
27/09/2017 23:46:20;;864.033;135.432;56.9973;220.449;36.162;56.9992;31842.7689;31842.7615;0.0073999999985972;6.23094746794005;-0.0294967826921493;150.0027771;150.0050049;5.841376305;277;
27/09/2017 23:46:21;;864.39;135.42;56.9973;220.747;36.234;56.9992;31842.7391;31842.7615;-0.0224000000016531;6.33420420423419;-0.186280982452445;149.9988861;150.000946;5.820980072;278;
27/09/2017 23:46:22;;864.152;135.444;56.9973;220.628;36.228;56.9992;31842.7761;31842.7615;0.0145999999986088;6.37004810077552;-0.273383315652609;149.9999695;149.9997253;5.801586628;278;
27/09/2017 23:46:23;;863.913;135.426;56.9973;220.359;36.21;56.9992;31842.7903;31842.7615;0.0288000000000466;6.21253225283638;0.150514705921523;149.9983826;149.9992828;5.781664371;279;
27/09/2017 23:46:24;;864.152;135.438;56.9973;219.793;36.24;56.9992;31842.7349;31842.7615;-0.0266000000010536;6.53611384192691;-0.0643377159722149;149.9976654;149.9958038;5.760358334;280;
27/09/2017 23:46:25;;864.033;135.42;56.9973;220.18;36.156;56.9992;31842.7565;31842.7615;-0.00500000000101863;6.49467962035748;0.127287417068146;149.9984894;149.9956055;5.741791248;281;
27/09/2017 23:46:26;;864.271;135.444;56.9973;220.24;36.144;56.9992;31842.771;31842.7615;0.00950000000011642;6.57228657331655;0.231810216908343;149.9992065;149.9977722;5.720832825;282;
27/09/2017 23:46:27;;864.033;135.444;56.9973;220.27;36.15;56.9992;31842.7909;31842.7615;0.0293999999994412;6.32861387163152;0.144707883708179;150.0029602;150.001236;5.700944901;283;
27/09/2017 23:46:28;;864.033;135.414;56.9973;220.3;36.156;56.9992;31842.7394;31842.7615;-0.0221000000019558;6.30756791332806;-0.00626949383877218;149.9984436;149.9998016;5.681130409;284;
27/09/2017 23:46:29;;864.033;135.438;56.9973;220.27;36.15;56.9992;31842.8059;31842.7615;0.0443999999988591;6.30855444263296;0.0576055505080149;150.0014038;150.0004578;5.661429405;285;
27/09/2017 23:46:30;;864.033;135.426;56.9973;220.27;36.156;56.9992;31842.7646;31842.7615;0.00309999999808497;6.35919627902276;-0.34306518221274;150.0019836;150.0030365;5.640849113;286;
27/09/2017 23:46:31;;864.033;135.432;56.9973;220.151;36.156;56.9992;31842.7864;31842.7615;0.0249000000003434;6.28882385636213;-0.0991786492522806;149.9980927;149.9993439;5.621258736;287;
27/09/2017 23:46:32;;864.152;135.426;56.9973;220.3;36.168;56.9992;31842.7789;31842.7615;0.0174000000006345;6.27172401463768;-0.418553870986216;149.9995575;149.9986725;5.600123882;289;
27/09/2017 23:46:34;;864.39;135.444;56.9973;220.419;36.15;56.9992;31842.746;31842.7615;-0.0155000000013388;6.35360594655823;0.115673772641458;150.0042419;150.0033112;5.579966068;290;
27/09/2017 23:46:35;;864.152;135.45;56.9973;220.33;36.156;56.9992;31842.7735;31842.7615;0.0119999999988067;6.37202115926315;0.243423861335032;149.9973145;149.9969177;5.561356068;292;
27/09/2017 23:46:37;;864.033;135.438;56.9973;220.3;36.156;56.9992;31842.7376;31842.7615;-0.0239000000001397;6.55124062070763;0.226003394694999;149.9994354;149.9992371;5.540979862;293;
27/09/2017 23:46:37;;864.033;135.432;56.9973;219.763;36.156;56.9992;31842.7958;31842.7615;0.0342999999993481;6.37596727622641;-0.116599115892313;150.000946;150.0018921;5.52132225;294;
27/09/2017 23:46:38;;864.152;135.438;56.9973;219.793;36.156;56.9992;31842.7389;31842.7615;-0.0226000000002387;6.40687852521132;0.109866950428113;149.9977417;149.9993591;5.50173521;295;


