

Date et heure;Amp_sr850_2(?V);Pha_sr850_2(?);Freq_sr850(Hz)_2;Amp_sr850(?V);Pha_sr850(?);Freq_sr850(Hz);Freq_hp33120(Hz);Freq_0(Hz);DeltaFreq(Hz);Ampl_5210_daq(?V);Pha_5210_daq(?V);X_727(?m);Y_727(?m);Z_727(?m);Temps ?tude(s);

Z ==> 5,5:0,001:12
Monter après contact ==> 800
Point de scan après sortir ==> 2000
Temps d'attendre ==> 30
Nombre acquis ==> 1
RF ==> 31842,8036
seuil de Fréquence ==> 0,300


Data
27/09/2017 18:37:06;;864.152;135.432;56.9973;220.985;36.258;56.9992;31842.7916;31842.7615;0.0300999999999476;6.16550768444998;-0.128212760319002;149.9998016;149.9987183;5.520264626;2;
27/09/2017 18:37:08;;864.509;135.432;56.9973;221.104;36.27;56.9992;31842.7422;31842.7615;-0.0192999999999302;6.13032146783366;0.0343782616546378;149.9993896;149.9981384;5.540527821;4;
27/09/2017 18:37:09;;864.39;135.438;56.9973;220.479;36.204;56.9992;31842.7677;31842.7615;0.00619999999980791;6.3473579278844;0.0924464837880805;149.9980469;150.0009766;5.559451103;6;
27/09/2017 18:37:11;;864.152;135.432;56.9973;220.359;36.168;56.9992;31842.7677;31842.7615;0.00619999999980791;6.189842076701;0.272457972401753;149.9995117;149.9988403;5.579874992;7;
27/09/2017 18:37:13;;864.271;135.432;56.9973;220.419;36.174;56.9992;31842.776;31842.7615;0.014500000001135;6.14939437041246;0.33633301674854;149.998291;149.9972992;5.600191116;9;
27/09/2017 18:37:15;;864.39;135.45;56.9973;220.33;36.162;56.9992;31842.8077;31842.7615;0.046200000000681;6.06159324781683;0.104060128214769;150.0028076;150.0049438;5.620651245;11;
27/09/2017 18:37:17;;864.152;135.426;56.9973;220.419;36.174;56.9992;31842.7812;31842.7615;0.0197000000007392;6.11190625130269;0.0517987282946706;150.002533;150.0016327;5.640045643;13;
27/09/2017 18:37:18;;864.39;135.438;56.9973;220.538;36.222;56.9992;31842.7618;31842.7615;0.00029999999969732;6.0885583871489;-0.087565004825592;149.9995728;149.9995117;5.660562992;15;
27/09/2017 18:37:20;;864.39;135.432;56.9973;221.075;36.294;56.9992;31842.7278;31842.7615;-0.0336999999999534;6.38912099932111;-0.0759513603989035;150.0014496;150.0023041;5.680009842;17;
27/09/2017 18:37:22;;864.39;135.45;56.9973;221.641;36.318;56.9992;31842.7546;31842.7615;-0.00690000000031432;6.15498470387615;0.313105727895163;149.9988098;149.9986877;5.699735641;18;
27/09/2017 18:37:24;;864.271;135.432;56.9973;221.492;36.264;56.9992;31842.7771;31842.7615;0.0155999999988126;6.30954097193693;-0.104985471465625;149.9975433;149.9981689;5.719550133;20;
27/09/2017 18:37:26;;864.271;135.408;56.9973;220.866;36.252;56.9992;31842.75;31842.7615;-0.0115000000005239;6.33453304732751;-0.0353036049054936;150.0022125;150.00383;5.740041733;22;
27/09/2017 18:37:27;;864.271;135.432;56.9973;220.717;36.246;56.9992;31842.7629;31842.7615;0.00140000000101281;6.16583652759156;0.260844327975065;149.9978333;149.9979401;5.759658337;24;
27/09/2017 18:37:29;;864.39;135.432;56.9973;220.508;36.21;56.9992;31842.7771;31842.7615;0.0155999999988126;6.13854254656396;-0.011639348405879;150.0008545;149.9994507;5.779271126;25;
27/09/2017 18:37:31;;864.509;135.432;56.9973;220.568;36.186;56.9992;31842.7476;31842.7615;-0.0139000000017404;6.26284525056149;0.104060128214769;149.9978943;149.9988861;5.800007343;27;
27/09/2017 18:37:33;;864.39;135.426;56.9973;220.717;36.234;56.9992;31842.7476;31842.7615;-0.0139000000017404;6.35196173112153;0.127287417068146;149.9975128;150.0007172;5.819993019;29;
27/09/2017 18:37:34;;864.271;135.438;56.9973;220.33;36.174;56.9992;31842.7893;31842.7615;0.0277999999998428;6.09579293664453;-0.0817581826122478;149.9970398;149.9987946;5.839416504;31;
27/09/2017 18:37:36;;863.913;135.432;56.9973;220.091;36.12;56.9992;31842.7929;31842.7615;0.0313999999998487;6.20233811578357;0.330526194535196;150.0004272;150.0014343;5.859967232;33;
27/09/2017 18:37:38;;864.033;135.45;56.9973;219.912;36.138;56.9992;31842.7898;31842.7615;0.0282999999981257;6.01752826305393;0.0982533060014248;149.9988098;149.9983063;5.879842758;34;
27/09/2017 18:37:40;;864.033;135.444;56.9973;219.912;36.102;56.9992;31842.7271;31842.7615;-0.0344000000004598;6.42101877706845;-0.0933718270389363;149.999939;149.998642;5.900283337;36;
27/09/2017 18:37:42;;864.271;135.444;56.9973;220.359;36.174;56.9992;31842.744;31842.7615;-0.0175000000017462;6.20398233144297;-0.134019582532346;150.0015564;150.000061;5.919774055;38;
27/09/2017 18:37:43;;864.152;135.456;56.9973;220.449;36.192;56.9992;31842.7604;31842.7615;-0.00110000000131549;6.01654173353113;-0.0294967826921493;150.0040741;150.0033569;5.941008568;40;
27/09/2017 18:37:45;;864.509;135.432;56.9973;221.045;36.288;56.9992;31842.7799;31842.7615;0.0184000000008382;6.11124856499361;-0.401133404346183;149.9992371;149.9979706;5.960744858;42;
27/09/2017 18:37:47;;864.39;135.432;56.9973;220.926;36.258;56.9992;31842.7651;31842.7615;0.00360000000000582;6.21713605663875;-0.0991786492522806;149.9953003;149.9960022;5.980027199;44;
27/09/2017 18:37:49;;864.271;135.456;56.9973;220.985;36.252;56.9992;31842.7509;31842.7615;-0.0106000000014319;6.35886743593748;-0.0585308937588707;150.0007019;149.9998169;5.999736786;45;
27/09/2017 18:37:51;;864.39;135.426;56.9973;220.687;36.204;56.9992;31842.807;31842.7615;0.0455000000001746;6.06817011111182;-0.255962849012576;149.9983368;149.9992676;6.019891739;47;
27/09/2017 18:37:53;;864.509;135.438;56.9973;220.508;36.168;56.9992;31842.7716;31842.7615;0.0100999999995111;6.11881195752984;-0.197894626879133;150.0023804;150.004303;6.040154934;49;
27/09/2017 18:37:54;;864.509;135.426;56.9973;220.836;36.27;56.9992;31842.7642;31842.7615;0.00270000000091386;6.21483415473975;-0.389519759919494;150.0012054;149.9984436;6.060364246;51;
27/09/2017 18:37:56;;864.271;135.432;56.9973;220.926;36.252;56.9992;31842.7082;31842.7615;-0.0532999999995809;6.22700135044171;-0.192087804665789;150.0000916;150.0020142;6.079604626;53;
27/09/2017 18:37:58;;864.39;135.432;56.9973;220.568;36.21;56.9992;31842.7442;31842.7615;-0.0172999999995227;6.28882385636213;0.0982533060014248;150.0003204;150.0006409;6.100121975;54;
27/09/2017 18:38:00;;864.509;135.426;56.9973;220.121;36.162;56.9992;31842.7439;31842.7615;-0.01759999999922;6.12078501644574;0.208582928054966;150.0030823;150.0027161;6.11998558;56;
27/09/2017 18:38:02;;864.271;135.456;56.9973;220.389;36.18;56.9992;31842.778;31842.7615;0.0164999999979045;6.24344350659756;0.104060128214769;149.9999084;150.0007019;6.140100002;58;
27/09/2017 18:38:03;;869.039;137.136;56.9973;211.508;39.99;56.9992;31842.7878;31842.7615;0.0262999999977183;5.3930550145503;-0.110792293678969;149.9986725;149.9995575;6.159776688;60;
27/09/2017 18:38:05;;873.927;145.206;56.9973;176.222;54.378;56.9992;31842.7166;31842.7615;-0.04490000000078;5.59529359202885;-0.482428915333003;150.000946;150.0023499;6.18007946;61;
27/09/2017 18:38:07;;841.144;151.29;56.9973;152.44;58.578;56.9992;31842.6219;31842.7615;-0.139600000002247;5.48118499581178;-0.116599115892313;149.9995422;149.9992676;6.198788643;63;
27/09/2017 18:38:09;;803.951;154.128;56.9973;142.337;59.868;56.9992;31842.6336;31842.7615;-0.127899999999499;5.71762326803169;0.138901061494835;149.9992523;149.9983521;6.220282555;65;
27/09/2017 18:38:10;;774.745;153.774;56.9973;133.068;60.66;56.9992;31842.4584;31842.7615;-0.303100000000995;6.02673587190629;0.127287417068146;150.0009155;150.0017242;6.235290051;66;
27/09/2017 18:38:11;;718.24;150.942;56.9973;130.267;58.164;56.9992;31842.4013;31842.7615;-0.360199999999168;6.18458058652375;-0.0178831382654607;149.9975281;149.9985504;6.240158558;67;
27/09/2017 18:38:11;;712.279;150.9;56.9973;126.244;55.596;56.9992;31842.3864;31842.7615;-0.375100000001112;6.05238563915807;-0.279190137865953;149.9978943;150.0015259;6.245172501;67;
27/09/2017 18:38:12;;710.491;150.9;56.9973;123.532;54.126;56.9992;31842.3877;31842.7615;-0.373800000001211;5.97642286581072;0.104060128214769;150.0006104;150.0005188;6.250302315;68;
27/09/2017 18:38:12;;708.465;150.912;56.9973;121.564;53.406;56.9992;31842.3575;31842.7615;-0.40400000000227;6.25758376070554;-0.163053693599068;150.0016479;150.000351;6.255089283;68;
27/09/2017 18:38:13;;707.153;150.966;56.9973;120.581;53.124;56.9992;31842.3737;31842.7615;-0.387800000000425;6.05468754132772;-0.023689960478805;150.0018158;149.9998169;6.260006905;69;
27/09/2017 18:38:13;;705.723;151.008;56.9973;119.776;53.004;56.9992;31842.3971;31842.7615;-0.364400000002206;5.88993710723013;0.0227646172279492;150.0006561;150.002655;6.26531744;69;
27/09/2017 18:38:14;;704.411;151.062;56.9973;119.24;52.968;56.9992;31842.3244;31842.7615;-0.437099999999191;6.08822954398918;-0.255962849012576;149.9992676;149.9992065;6.269616127;70;
27/09/2017 18:38:14;;703.219;151.14;56.9973;118.703;53.034;56.9992;31842.34;31842.7615;-0.421500000000378;6.22700135044171;0.21438975026831;150.0013428;149.9995575;6.27574873;70;
27/09/2017 18:38:15;;702.385;151.182;56.9973;117.809;53.16;56.9992;31842.3438;31842.7615;-0.417700000001787;5.95208847022053;0.260844327975065;149.998642;149.9998474;6.280144691;71;
27/09/2017 18:38:15;;701.55;151.224;56.9973;117.541;53.196;56.9992;31842.2865;31842.7615;-0.475000000002183;6.02772240142325;0.040185083867982;149.999176;149.9968719;6.284349442;71;
27/09/2017 18:38:15;;700.716;151.254;56.9973;117.183;53.202;56.9992;31842.3074;31842.7615;-0.454099999999016;6.28454889595596;-0.087565004825592;149.9976807;149.9985504;6.289906979;72;
27/09/2017 18:38:16;;700.12;151.302;56.9973;117.004;53.19;56.9992;31842.32;31842.7615;-0.441500000000815;6.10894666290946;-0.267576493439265;150.0024719;150.0038147;6.294520855;72;
27/09/2017 18:38:17;;699.643;151.35;56.9973;116.915;53.178;56.9992;31842.3182;31842.7615;-0.443299999998999;6.21450531161096;-0.0817581826122478;150.0024872;150.0011444;6.299743176;73;
27/09/2017 18:38:17;;698.928;151.392;56.9973;116.796;53.16;56.9992;31842.3202;31842.7615;-0.441300000002229;6.15630007645245;-0.1804741602391;149.9991302;149.9990234;6.304895401;73;
27/09/2017 18:38:18;;698.451;151.41;56.9973;116.498;53.1;56.9992;31842.2776;31842.7615;-0.483899999999267;6.08296805342386;0.25503750576172;150.0028076;150.0026855;6.309667587;74;
27/09/2017 18:38:18;;697.736;151.44;56.9973;116.259;53.046;56.9992;31842.273;31842.7615;-0.488499999999476;6.24015507538485;0.371173950028606;150.0006714;149.9983063;6.314993858;74;
27/09/2017 18:38:19;;697.616;151.452;56.9973;115.991;52.998;56.9992;31842.2801;31842.7615;-0.481400000000576;6.09151797558317;-0.110792293678969;149.9983063;149.999939;6.31969595;75;
27/09/2017 18:38:19;;697.14;151.482;56.9973;115.782;52.956;56.9992;31842.291;31842.7615;-0.470499999999447;6.02542049921612;0.179548816988245;150.0014038;149.9990845;6.325108528;75;
27/09/2017 18:38:20;;696.663;151.524;56.9973;115.633;52.92;56.9992;31842.2805;31842.7615;-0.480999999999767;6.12177154590266;0.249230683548376;149.9966431;149.9957886;6.330195427;76;
27/09/2017 18:38:20;;696.663;151.512;56.9973;115.365;52.926;56.9992;31842.2549;31842.7615;-0.506600000000617;6.20759960588593;0.138901061494835;149.9994507;150;6.334594727;76;
27/09/2017 18:38:21;;696.424;151.518;56.9973;115.186;52.95;56.9992;31842.2932;31842.7615;-0.468300000000454;6.1681384295803;-0.0817581826122478;149.9988098;149.9991455;6.33954668;77;
27/09/2017 18:38:21;;696.067;151.548;56.9973;115.008;52.974;56.9992;31842.2866;31842.7615;-0.474900000001071;5.97116137489793;-0.0759513603989035;150.0005951;150.0026245;6.345025539;77;
27/09/2017 18:38:22;;695.828;151.584;56.9973;114.859;52.968;56.9992;31842.284;31842.7615;-0.477500000000873;6.08428342606691;-0.0178831382654607;149.9994812;150.0014954;6.351678371;78;
27/09/2017 18:38:22;;695.352;151.626;56.9973;114.65;52.962;56.9992;31842.2501;31842.7615;-0.511399999999412;6.14084444859966;0.318912550108507;149.9999695;149.9982758;6.354886532;78;
27/09/2017 18:38:23;;693.921;151.734;56.9973;114.471;53.016;56.9992;31842.233;31842.7615;-0.528500000000349;6.27830087687079;-0.023689960478805;149.9995575;150.0006409;6.359634876;79;
27/09/2017 18:38:23;;693.444;151.74;56.9973;113.994;53.214;56.9992;31842.248;31842.7615;-0.513500000000931;6.0885583871489;0.196969283628277;149.998764;149.9975586;6.364495754;79;
27/09/2017 18:38:24;;692.848;151.764;56.9973;113.607;53.364;56.9992;31842.2388;31842.7615;-0.52270000000135;6.2223975466771;0.237617039121687;150.0024414;150.0027771;6.370383263;80;
27/09/2017 18:38:24;;692.848;151.782;56.9973;113.458;53.46;56.9992;31842.246;31842.7615;-0.515500000001339;6.0412049714305;0.0750260171480477;150.0019836;150.001236;6.375374794;80;
27/09/2017 18:38:25;;692.61;151.8;56.9973;113.398;53.46;56.9992;31842.2177;31842.7615;-0.543799999999464;6.22371291918309;0.144707883708179;150.0023804;150.0029907;6.37968874;81;
27/09/2017 18:38:25;;692.49;151.806;56.9973;113.339;53.508;56.9992;31842.2625;31842.7615;-0.498999999999796;6.06192209098223;-0.0469172493321821;150.0015106;149.9997711;6.384640694;82;
27/09/2017 18:38:26;;692.61;151.8;56.9973;113.219;53.604;56.9992;31842.213;31842.7615;-0.548500000000786;6.11059087868423;-0.232735560159199;149.9984131;149.9993896;6.391049385;82;
27/09/2017 18:38:26;;692.371;151.812;56.9973;113.16;53.622;56.9992;31842.231;31842.7615;-0.530500000000757;6.12801956578044;-0.197894626879133;150.0011902;150.0023804;6.394076347;83;
27/09/2017 18:38:27;;692.133;151.836;56.9973;113.1;53.64;56.9992;31842.2196;31842.7615;-0.541900000000169;5.97806708171801;-0.00626949383877218;149.9994812;150.0011597;6.400799274;83;
27/09/2017 18:38:27;;692.014;151.878;56.9973;112.981;53.682;56.9992;31842.2396;31842.7615;-0.521899999999732;6.13952907600831;-0.0643377159722149;150.0020752;150.0024567;6.40514183;84;
27/09/2017 18:38:28;;691.656;151.878;56.9973;112.892;53.676;56.9992;31842.2313;31842.7615;-0.530200000001059;6.24179929099237;-0.0353036049054936;149.9989624;149.9998779;6.409477711;84;
27/09/2017 18:38:28;;691.537;151.89;56.9973;112.802;53.604;56.9992;31842.2296;31842.7615;-0.53190000000177;6.20727076275519;-0.215315093519166;149.9997864;150.0011902;6.414543152;85;
27/09/2017 18:38:29;;691.06;151.878;56.9973;112.802;53.58;56.9992;31842.2396;31842.7615;-0.521899999999732;6.25791260382225;-0.22112191573251;150.0015869;149.9989014;6.4202075;85;
27/09/2017 18:38:29;;691.418;151.878;56.9973;112.743;53.688;56.9992;31842.2054;31842.7615;-0.556100000001607;5.94123664506496;-0.000462671625427902;149.9976654;150.000351;6.425357819;86;
27/09/2017 18:38:30;;691.179;151.89;56.9973;112.743;53.736;56.9992;31842.2132;31842.7615;-0.5483000000022;5.97971129762388;-0.0817581826122478;149.9987183;150.0021515;6.430481911;86;
27/09/2017 18:38:30;;691.06;151.908;56.9973;112.653;53.772;56.9992;31842.1822;31842.7615;-0.57930000000124;6.12177154590266;-0.1804741602391;149.9992828;149.9985504;6.435026169;87;
27/09/2017 18:38:31;;690.941;151.92;56.9973;112.653;53.778;56.9992;31842.1985;31842.7615;-0.563000000001921;6.03101083314231;0.243423861335032;149.9989014;149.9984131;6.439586639;87;
27/09/2017 18:38:31;;690.941;151.932;56.9973;112.772;53.718;56.9992;31842.1789;31842.7615;-0.582600000001548;6.09250450505996;0.25503750576172;149.9993744;149.9966583;6.444933891;88;
27/09/2017 18:38:32;;690.822;151.938;56.9973;112.951;53.688;56.9992;31842.2047;31842.7615;-0.556800000002113;6.28158930797268;-0.087565004825592;150.0012512;150.0035858;6.45001173;88;
27/09/2017 18:38:32;;690.583;151.932;56.9973;113.041;53.688;56.9992;31842.2024;31842.7615;-0.559100000002218;5.94847119517504;-0.0469172493321821;150.0006256;149.9983978;6.455408573;89;
27/09/2017 18:38:33;;690.464;151.944;56.9973;113.1;53.652;56.9992;31842.1958;31842.7615;-0.565699999999197;6.1270330363279;0.347946661175229;149.9996033;150.0010986;6.459311962;89;
27/09/2017 18:38:33;;690.583;151.914;56.9973;113.1;53.652;56.9992;31842.1777;31842.7615;-0.583800000000338;6.17570182180035;0.150514705921523;149.9996338;149.9994202;6.464972973;90;
27/09/2017 18:38:34;;690.822;151.944;56.9973;113.13;53.616;56.9992;31842.1847;31842.7615;-0.576799999998912;6.24508772220043;-0.0178831382654607;149.9985504;149.9986572;6.469825745;90;
27/09/2017 18:38:34;;690.583;151.956;56.9973;113.041;53.616;56.9992;31842.2443;31842.7615;-0.517200000002049;6.01752826305393;-0.00626949383877218;149.9997864;149.9977112;6.474858761;91;
27/09/2017 18:38:35;;690.822;151.932;56.9973;112.981;53.616;56.9992;31842.19;31842.7615;-0.571500000001834;6.26613368170901;0.0924464837880805;150.0009766;150.0024109;6.479664803;91;
27/09/2017 18:38:35;;690.583;151.956;56.9973;112.921;53.676;56.9992;31842.182;31842.7615;-0.579499999999825;6.27303938708742;0.0459919060813263;150.0021057;149.9996948;6.485037804;92;
27/09/2017 18:38:36;;690.464;151.938;56.9973;112.802;53.736;56.9992;31842.1662;31842.7615;-0.595300000000861;6.26909326973355;0.231810216908343;149.9974518;149.9963989;6.489522457;92;
27/09/2017 18:38:36;;690.345;151.938;56.9973;112.683;53.766;56.9992;31842.2008;31842.7615;-0.560700000001816;5.99746882931522;-0.104985471465625;150.0016785;150.001358;6.495013714;93;
27/09/2017 18:38:37;;690.345;151.944;56.9973;112.683;53.802;56.9992;31842.195;31842.7615;-0.566500000000815;6.10072558400771;-0.139826404745691;150.0021667;150.0006561;6.499847412;93;
27/09/2017 18:38:37;;690.464;151.956;56.9973;112.653;53.874;56.9992;31842.17;31842.7615;-0.59150000000227;5.98497278851304;0.202776105841622;150.0010376;150.0016174;6.505064011;94;
27/09/2017 18:38:38;;690.583;151.956;56.9973;112.653;53.862;56.9992;31842.185;31842.7615;-0.576499999999214;6.26547599548028;-0.116599115892313;150.0001221;149.9984741;6.510768414;94;
27/09/2017 18:38:38;;690.345;151.962;56.9973;112.594;53.85;56.9992;31842.1932;31842.7615;-0.568299999998999;6.14511940951279;-0.255962849012576;150.0013733;150.0012817;6.514950275;95;
27/09/2017 18:38:39;;690.345;151.95;56.9973;112.564;53.82;56.9992;31842.196;31842.7615;-0.565500000000611;6.26054334875252;-0.0294967826921493;149.9988861;149.9987183;6.519805908;95;
27/09/2017 18:38:40;;690.106;151.95;56.9973;112.504;53.838;56.9992;31842.1564;31842.7615;-0.605100000000675;6.26909326973355;0.0111509728012607;150.0018463;150.0026093;6.52553606;96;
27/09/2017 18:38:40;;690.464;151.944;56.9973;112.534;53.82;56.9992;31842.2085;31842.7615;-0.552999999999884;6.01917247892403;-0.134019582532346;150.0028534;150.0019836;6.529414654;96;
27/09/2017 18:38:40;;690.345;151.956;56.9973;112.415;53.79;56.9992;31842.1935;31842.7615;-0.567999999999302;6.04054728509121;-0.1804741602391;149.9998779;149.9989319;6.53576231;97;
27/09/2017 18:38:41;;690.345;151.956;56.9973;112.206;53.772;56.9992;31842.1705;31842.7615;-0.591000000000349;6.18589595907011;0.179548816988245;150.0020142;150.00177;6.539923668;97;
27/09/2017 18:38:42;;690.106;151.962;56.9973;112.117;53.772;56.9992;31842.148;31842.7615;-0.613499999999476;6.22634366419071;-0.26176967122592;149.9979401;149.9981232;6.544311047;98;
27/09/2017 18:38:42;;689.987;151.962;56.9973;112.176;53.784;56.9992;31842.1699;31842.7615;-0.591599999999744;6.05172795282328;-0.134019582532346;149.9971771;150.0004578;6.549858093;98;
27/09/2017 18:38:42;;690.226;151.95;56.9973;112.325;53.808;56.9992;31842.1642;31842.7615;-0.597300000001269;5.99977073155897;-0.0120763160521165;150.0030212;150.0011902;6.555957317;99;
27/09/2017 18:38:43;;690.106;151.992;56.9973;112.474;53.838;56.9992;31842.1475;31842.7615;-0.614000000001397;6.12111385959812;0.260844327975065;150.0027466;150.0022888;6.559935093;99;
27/09/2017 18:38:43;;689.749;151.956;56.9973;112.594;53.856;56.9992;31842.1436;31842.7615;-0.6179000000011;6.16517884130832;0.33633301674854;150.0010986;149.9999695;6.565187931;100;
27/09/2017 18:38:44;;689.51;152.022;56.9973;112.534;53.856;56.9992;31842.1422;31842.7615;-0.619300000002113;6.15630007645245;0.25503750576172;149.9989014;149.9993896;6.569852352;100;
27/09/2017 18:38:45;;689.391;152.064;56.9973;112.325;53.82;56.9992;31842.1521;31842.7615;-0.609400000001187;5.99187849528261;-0.157246871385723;150;149.9995728;6.574660778;101;
27/09/2017 18:38:45;;688.795;152.064;56.9973;112.176;53.802;56.9992;31842.1335;31842.7615;-0.628000000000611;5.99681114295933;0.040185083867982;150.0033112;150.0036774;6.58083725;101;
27/09/2017 18:38:45;;688.676;152.076;56.9973;111.849;53.844;56.9992;31842.1773;31842.7615;-0.584200000001147;5.99253618164027;-0.0759513603989035;149.9984741;150.002182;6.58392477;102;
27/09/2017 18:38:46;;688.676;152.076;56.9973;111.67;53.85;56.9992;31842.1562;31842.7615;-0.605299999999261;6.12440229111774;0.196969283628277;150.0027161;150.000061;6.5903759;102;
27/09/2017 18:38:47;;688.318;152.076;56.9973;111.58;53.862;56.9992;31842.1514;31842.7615;-0.610100000001694;5.87086420185098;0.0111509728012607;150.0011902;150.0005035;6.594846249;103;
27/09/2017 18:38:47;;688.199;152.106;56.9973;111.551;53.874;56.9992;31842.1578;31842.7615;-0.603699999999662;5.94748466561606;-0.22112191573251;150.0016785;150.0008698;6.600169182;103;
27/09/2017 18:38:48;;688.676;152.1;56.9973;111.491;53.844;56.9992;31842.1403;31842.7615;-0.621200000001409;6.12900609523228;0.127287417068146;149.9987183;149.9985352;6.604846954;104;
27/09/2017 18:38:48;;688.795;152.118;56.9973;111.521;53.844;56.9992;31842.1521;31842.7615;-0.609400000001187;6.20003621385673;-0.267576493439265;150.0003357;150.0013885;6.609742641;104;
27/09/2017 18:38:49;;688.437;152.112;56.9973;111.551;53.862;56.9992;31842.138;31842.7615;-0.623500000001513;5.99812651567088;-0.238542382372543;150.0024109;150.0007477;6.61501503;105;
27/09/2017 18:38:49;;688.437;152.112;56.9973;111.67;53.916;56.9992;31842.1379;31842.7615;-0.623599999998987;6.14183097804234;-0.389519759919494;149.9996338;150.0030365;6.62011385;105;
27/09/2017 18:38:50;;688.318;152.1;56.9973;111.789;53.946;56.9992;31842.1588;31842.7615;-0.602699999999459;5.98004014080488;0.0982533060014248;150.0015717;150.0005493;6.625279427;106;
27/09/2017 18:38:50;;688.437;152.112;56.9973;111.7;53.958;56.9992;31842.1377;31842.7615;-0.623800000001211;6.15498470387615;-0.0411104271188378;150.0036926;150.0000763;6.6300354;106;
27/09/2017 18:38:51;;688.318;152.142;56.9973;111.729;53.94;56.9992;31842.1377;31842.7615;-0.623800000001211;6.12078501644574;-0.250156026799232;150.0014191;149.9987183;6.63456583;107;
27/09/2017 18:38:51;;688.199;152.13;56.9973;111.759;53.928;56.9992;31842.1545;31842.7615;-0.606999999999971;6.00799181097688;-0.0178831382654607;149.9988403;150.0002747;6.639752865;107;
27/09/2017 18:38:51;;688.199;152.1;56.9973;111.759;53.886;56.9992;31842.1393;31842.7615;-0.622200000001612;6.01752826305393;0.266651150188409;150.0010529;150.0001068;6.644106388;108;
27/09/2017 18:38:52;;688.08;152.094;56.9973;111.7;53.874;56.9992;31842.1264;31842.7615;-0.635099999999511;6.0412049714305;-0.110792293678969;150.0005188;150.0022278;6.650066853;108;
27/09/2017 18:38:52;;688.08;152.1;56.9973;111.729;53.904;56.9992;31842.1184;31842.7615;-0.643100000001141;6.26087219186837;0.0634123727213591;150.0001831;149.9994659;6.655132294;109;
27/09/2017 18:38:53;;688.199;152.118;56.9973;111.759;53.856;56.9992;31842.1596;31842.7615;-0.601900000001478;6.12242923220689;-0.192087804665789;149.9967957;149.9985962;6.659147739;109;
27/09/2017 18:38:53;;688.199;152.118;56.9973;111.7;53.79;56.9992;31842.1564;31842.7615;-0.605100000000675;6.28882385636213;0.0982533060014248;150.0023956;150.0011292;6.664739609;110;
27/09/2017 18:38:54;;688.199;152.118;56.9973;111.67;53.772;56.9992;31842.1558;31842.7615;-0.60570000000007;6.15334048815395;-0.0759513603989035;150.0005646;150.001297;6.67067337;110;
27/09/2017 18:38:55;;688.199;152.106;56.9973;111.67;53.784;56.9992;31842.1583;31842.7615;-0.60320000000138;5.98826122031127;-0.157246871385723;150.0010986;150.0007935;6.674729824;111;
27/09/2017 18:38:55;;688.08;152.124;56.9973;111.759;53.796;56.9992;31842.1553;31842.7615;-0.606200000001991;6.08362573974553;0.37698077224195;149.9975739;150.0012665;6.680114269;111;
27/09/2017 18:38:55;;688.08;152.1;56.9973;111.759;53.826;56.9992;31842.1525;31842.7615;-0.609000000000378;6.16254809617206;-0.0817581826122478;150.0019226;150.0009155;6.685381413;112;
27/09/2017 18:38:56;;688.199;152.136;56.9973;111.789;53.898;56.9992;31842.1638;31842.7615;-0.597700000002078;6.13624064452441;-0.104985471465625;149.9997101;150.0005951;6.690232754;112;
27/09/2017 18:38:56;;688.199;152.142;56.9973;111.7;53.91;56.9992;31842.1483;31842.7615;-0.613199999999779;6.15432701758751;-0.273383315652609;149.9985352;149.9983978;6.694510937;113;
27/09/2017 18:38:57;;688.318;152.1;56.9973;111.61;53.904;56.9992;31842.1488;31842.7615;-0.612700000001496;6.02640702873384;-0.128212760319002;149.9978027;149.9988861;6.699807167;113;
27/09/2017 18:38:57;;688.318;152.088;56.9973;111.61;53.886;56.9992;31842.1243;31842.7615;-0.63720000000103;6.01358214495937;-0.168860515812412;150.0013275;149.9992523;6.704213619;114;
27/09/2017 18:38:58;;688.676;152.1;56.9973;111.58;53.91;56.9992;31842.1212;31842.7615;-0.640299999999115;6.09842368190695;0.330526194535196;150.0023041;150.0049286;6.709314346;114;
27/09/2017 18:38:58;;688.318;152.118;56.9973;111.58;53.916;56.9992;31842.1011;31842.7615;-0.660400000000664;6.28257583730132;0.0517987282946706;150.0028992;150.0032959;6.715063095;115;
27/09/2017 18:38:59;;688.199;152.1;56.9973;111.58;53.874;56.9992;31842.1299;31842.7615;-0.631600000000617;6.02114553796609;-0.42436069319956;149.9978638;149.9986115;6.71979332;115;
27/09/2017 18:38:59;;688.318;152.088;56.9973;111.521;53.856;56.9992;31842.1355;31842.7615;-0.626000000000204;5.98004014080488;-0.441781159839593;149.9983368;150.0003967;6.725302219;116;
27/09/2017 18:39:00;;688.199;152.094;56.9973;111.58;53.868;56.9992;31842.1365;31842.7615;-0.625;6.13689833082182;-0.232735560159199;149.998703;149.9972534;6.730105877;116;
27/09/2017 18:39:00;;688.437;152.1;56.9973;111.64;53.838;56.9992;31842.1524;31842.7615;-0.60910000000149;6.09184681874217;-0.377906115492806;150.0011292;150.0004883;6.734374523;117;
27/09/2017 18:39:01;;688.199;152.076;56.9973;111.67;53.796;56.9992;31842.1013;31842.7615;-0.660200000002078;6.00470337921424;0.0866396615747362;150.0004272;150.0024719;6.739823341;117;
27/09/2017 18:39:01;;688.437;152.046;56.9973;111.729;53.796;56.9992;31842.1295;31842.7615;-0.632000000001426;6.17964793946279;-0.26176967122592;150.0029297;150.0000305;6.744828224;118;
27/09/2017 18:39:02;;688.08;152.052;56.9973;111.789;53.754;56.9992;31842.1289;31842.7615;-0.632600000000821;6.15301164500927;-0.104985471465625;150.0014801;149.998291;6.750481129;118;
27/09/2017 18:39:03;;688.318;152.136;56.9973;111.67;53.766;56.9992;31842.1086;31842.7615;-0.652900000000955;5.91361381714566;-0.0120763160521165;150.0005951;150.0019684;6.755329609;119;
27/09/2017 18:39:03;;687.841;152.124;56.9973;111.551;53.802;56.9992;31842.1415;31842.7615;-0.619999999998981;5.93992127231496;-0.157246871385723;150.0004883;150.0022736;6.760647297;119;
27/09/2017 18:39:04;;688.08;152.124;56.9973;111.491;53.814;56.9992;31842.091;31842.7615;-0.670500000000175;6.12867725208175;-0.0991786492522806;150.0009918;150.0029907;6.764807701;120;
27/09/2017 18:39:04;;688.199;152.13;56.9973;111.491;53.832;56.9992;31842.1205;31842.7615;-0.640999999999622;6.18030562573869;0.0982533060014248;149.9983826;149.9991302;6.769403458;120;
27/09/2017 18:39:05;;687.961;152.13;56.9973;111.551;53.862;56.9992;31842.1199;31842.7615;-0.641599999999016;6.07244507223875;-0.401133404346183;149.9990845;150.0016785;6.775809288;121;
27/09/2017 18:39:05;;688.318;152.13;56.9973;111.61;53.85;56.9992;31842.1218;31842.7615;-0.639699999999721;5.98891890667023;-0.279190137865953;150.0019836;149.9985352;6.780734062;121;
27/09/2017 18:39:06;;688.318;152.1;56.9973;111.7;53.862;56.9992;31842.1645;31842.7615;-0.597000000001572;6.11256393761147;-0.0353036049054936;150.0021362;150.0018921;6.785356998;122;
27/09/2017 18:39:06;;688.199;152.1;56.9973;111.759;53.898;56.9992;31842.1312;31842.7615;-0.630300000000716;6.19378819431952;-0.250156026799232;149.9996796;150.0010071;6.790051937;122;
27/09/2017 18:39:06;;687.841;152.112;56.9973;111.729;53.922;56.9992;31842.1111;31842.7615;-0.650400000002264;6.09151797558317;-0.209508271305822;149.9989014;149.997818;6.795231819;123;
27/09/2017 18:39:07;;688.08;152.16;56.9973;111.729;53.916;56.9992;31842.1203;31842.7615;-0.641200000001845;5.96491335442042;-0.122405938105658;149.9996948;149.99617;6.800601959;123;
27/09/2017 18:39:07;;688.318;152.13;56.9973;111.759;53.904;56.9992;31842.1082;31842.7615;-0.653300000001764;6.16287693931438;0.301492083468474;150.0027466;149.9987488;6.8057127;124;
27/09/2017 18:39:08;;688.318;152.118;56.9973;111.789;53.886;56.9992;31842.122;31842.7615;-0.639500000001135;6.14446172321933;-0.087565004825592;150.0003662;149.9990845;6.809848785;124;
27/09/2017 18:39:08;;688.199;152.1;56.9973;111.67;53.862;56.9992;31842.153;31842.7615;-0.608500000002095;6.22831672294262;-0.128212760319002;149.9994049;149.9991608;6.815318108;125;
27/09/2017 18:39:09;;688.437;152.088;56.9973;111.61;53.886;56.9992;31842.0966;31842.7615;-0.664899999999761;6.13097915413388;0.0111509728012607;150.0003052;150.0005341;6.819889069;125;
27/09/2017 18:39:09;;688.557;152.094;56.9973;111.61;53.904;56.9992;31842.1486;31842.7615;-0.612900000000081;6.20628423336245;-0.0411104271188378;150.0036469;150.0011902;6.824905396;126;
27/09/2017 18:39:10;;688.676;152.082;56.9973;111.64;53.886;56.9992;31842.1144;31842.7615;-0.647100000001956;6.12275807535889;0.226003394694999;149.9992371;149.9988098;6.830517292;126;
27/09/2017 18:39:10;;688.676;152.088;56.9973;111.7;53.928;56.9992;31842.1431;31842.7615;-0.618399999999383;6.16320578245662;-0.139826404745691;150.0042419;150.0046997;6.835250378;127;
27/09/2017 18:39:11;;688.557;152.094;56.9973;111.908;53.91;56.9992;31842.1114;31842.7615;-0.650099999998929;6.21351878222407;0.191162461414933;149.9979248;149.997818;6.840183258;127;
27/09/2017 18:39:12;;688.795;152.082;56.9973;111.968;53.856;56.9992;31842.0945;31842.7615;-0.667000000001281;6.15334048815395;-0.139826404745691;150.000351;149.9990997;6.844244957;128;
27/09/2017 18:39:12;;688.676;152.076;56.9973;111.998;53.82;56.9992;31842.1079;31842.7615;-0.653600000001461;6.03429926485497;-0.0527240715455264;149.9989319;149.9987183;6.850085258;128;
27/09/2017 18:39:13;;688.795;152.076;56.9973;112.027;53.826;56.9992;31842.1311;31842.7615;-0.630400000001828;6.0980948387494;-0.145633226959035;149.9985046;149.9969788;6.854896545;129;
27/09/2017 18:39:13;;688.795;152.058;56.9973;112.057;53.832;56.9992;31842.1189;31842.7615;-0.64259999999922;5.96096723621386;0.284071616828442;150.0005798;150.0027466;6.860103607;129;
27/09/2017 18:39:14;;688.914;152.034;56.9973;111.938;53.85;56.9992;31842.1338;31842.7615;-0.627700000000914;6.17570182180035;0.0459919060813263;150.0043488;150.0023804;6.865295887;130;
27/09/2017 18:39:14;;688.914;152.04;56.9973;111.849;53.85;56.9992;31842.1404;31842.7615;-0.621100000000297;6.09349103453609;0.342139838961884;150.0017395;150.0013123;6.869908333;130;
27/09/2017 18:39:15;;688.795;152.034;56.9973;111.849;53.832;56.9992;31842.109;31842.7615;-0.652500000000146;6.17734603749451;-0.377906115492806;150.0013123;150.0015411;6.875076771;131;
27/09/2017 18:39:15;;689.153;152.04;56.9973;111.908;53.808;56.9992;31842.1106;31842.7615;-0.650900000000547;5.96853062943616;0.040185083867982;149.9976654;150.0013733;6.880690575;131;
27/09/2017 18:39:15;;689.153;152.004;56.9973;111.938;53.808;56.9992;31842.1464;31842.7615;-0.615099999999075;6.16353462559877;-0.209508271305822;149.9984741;150.0001068;6.884749413;132;
27/09/2017 18:39:16;;689.391;151.998;56.9973;111.938;53.826;56.9992;31842.1372;31842.7615;-0.624299999999494;6.05764712982671;-0.197894626879133;149.9996948;149.9983215;6.890014648;132;
27/09/2017 18:39:17;;689.749;152.01;56.9973;112.027;53.814;56.9992;31842.1183;31842.7615;-0.643200000002253;6.1750441355221;-0.104985471465625;149.9998474;149.9994507;6.895757198;133;
27/09/2017 18:39:17;;689.868;151.986;56.9973;112.087;53.82;56.9992;31842.121;31842.7615;-0.640500000001339;6.23357821293164;0.13309423928149;150.0010376;149.9995422;6.899890423;133;
27/09/2017 18:39:18;;689.629;151.974;56.9973;112.087;53.814;56.9992;31842.0921;31842.7615;-0.669399999998859;6.10368517241768;0.260844327975065;149.9984131;150.0001068;6.905278683;134;
27/09/2017 18:39:18;;689.868;151.986;56.9973;112.057;53.784;56.9992;31842.1213;31842.7615;-0.640200000001641;6.08395458290625;0.272457972401753;149.9995575;149.999115;6.910809994;135;
27/09/2017 18:39:19;;690.226;151.962;56.9973;111.968;53.736;56.9992;31842.1125;31842.7615;-0.649000000001251;6.10171211347836;-0.151440049172379;149.9969482;150.0015106;6.915215969;135;
27/09/2017 18:39:19;;690.345;151.968;56.9973;111.908;53.682;56.9992;31842.1679;31842.7615;-0.593600000000151;6.01851479257618;0.121480594854802;149.9996338;149.9988098;6.920802593;136;
27/09/2017 18:39:20;;690.106;151.956;56.9973;111.819;53.688;56.9992;31842.1225;31842.7615;-0.638999999999214;6.07178738591229;0.0634123727213591;149.9996185;149.9979248;6.925505161;136;
27/09/2017 18:39:20;;689.987;151.956;56.9973;111.789;53.688;56.9992;31842.1119;31842.7615;-0.649600000000646;6.22963209544207;0.202776105841622;150.0041656;150.0027771;6.930309772;137;
27/09/2017 18:39:21;;690.464;151.938;56.9973;111.789;53.7;56.9992;31842.0981;31842.7615;-0.663400000001275;6.21516299786845;-0.192087804665789;150.0027618;149.9998169;6.935085297;137;
27/09/2017 18:39:21;;690.702;151.92;56.9973;111.998;53.724;56.9992;31842.0878;31842.7615;-0.673699999999371;6.25166458458851;0.162128350348212;150.0013123;150.0045471;6.940144062;138;
27/09/2017 18:39:22;;690.702;151.908;56.9973;112.176;53.73;56.9992;31842.0578;31842.7615;-0.703700000001845;6.17142686098574;0.0169577950146049;149.9997101;149.9976501;6.944965839;138;
27/09/2017 18:39:22;;690.941;151.914;56.9973;112.266;53.754;56.9992;31842.1365;31842.7615;-0.625;6.22469944856163;-0.0933718270389363;149.9973755;149.9989166;6.950300217;139;
27/09/2017 18:39:23;;690.822;151.902;56.9973;112.325;53.772;56.9992;31842.113;31842.7615;-0.648499999999331;6.22700135044171;0.1737419947749;149.9975586;149.9987946;6.954489231;139;
27/09/2017 18:39:23;;690.822;151.902;56.9973;112.325;53.766;56.9992;31842.1312;31842.7615;-0.630300000000716;6.11420815338211;0.21438975026831;149.9970398;149.9991455;6.960647583;140;
27/09/2017 18:39:24;;691.06;151.89;56.9973;112.355;53.766;56.9992;31842.1094;31842.7615;-0.652099999999336;6.04317803044679;0.179548816988245;149.9987793;149.9997559;6.965041161;140;
27/09/2017 18:39:24;;691.06;151.896;56.9973;112.474;53.73;56.9992;31842.1268;31842.7615;-0.63470000000234;5.85902584671624;0.0750260171480477;150.0049438;150.0014496;6.969885826;141;
27/09/2017 18:39:25;;690.941;151.884;56.9973;112.683;53.7;56.9992;31842.1324;31842.7615;-0.629100000001927;6.17833256690999;-0.0991786492522806;149.9996643;150.0020142;6.975616932;141;
27/09/2017 18:39:25;;691.06;151.878;56.9973;112.832;53.652;56.9992;31842.1536;31842.7615;-0.607899999999063;6.03725885339084;0.0692191949347034;149.9961853;149.9994659;6.979940891;142;
27/09/2017 18:39:26;;691.179;151.872;56.9973;112.951;53.58;56.9992;31842.1329;31842.7615;-0.628600000000006;6.18359405711309;-0.26176967122592;150.0008087;150.0007935;6.984452724;142;
27/09/2017 18:39:26;;692.014;151.818;56.9973;113.13;53.52;56.9992;31842.1429;31842.7615;-0.618600000001607;6.16945380214347;-0.151440049172379;150.0011749;150.0010529;6.990403652;143;
27/09/2017 18:39:27;;692.49;151.8;56.9973;113.309;53.49;56.9992;31842.1077;31842.7615;-0.653800000000047;6.15465586073187;-0.250156026799232;150.0005646;149.999939;6.99490118;143;
27/09/2017 18:39:27;;692.252;151.794;56.9973;113.279;53.484;56.9992;31842.1482;31842.7615;-0.613300000000891;6.07310275856492;0.040185083867982;149.9980011;149.9954834;7.00027895;144;
27/09/2017 18:39:28;;692.61;151.782;56.9973;113.219;53.484;56.9992;31842.1056;31842.7615;-0.655900000001566;6.11256393761147;0.104060128214769;149.9993439;149.9990082;7.005305767;144;
27/09/2017 18:39:28;;692.49;151.77;56.9973;113.279;53.448;56.9992;31842.1086;31842.7615;-0.652900000000955;6.20628423336245;-0.1804741602391;150.0033875;149.9997864;7.009647846;145;
27/09/2017 18:39:29;;692.61;151.764;56.9973;113.398;53.4;56.9992;31842.1217;31842.7615;-0.639800000000832;5.96655757033749;-0.168860515812412;149.9989624;149.9987183;7.0151577;145;
27/09/2017 18:39:29;;692.61;151.74;56.9973;113.547;53.394;56.9992;31842.1242;31842.7615;-0.637300000002142;6.02443396969783;-0.215315093519166;149.9986877;149.9982147;7.019814014;146;
27/09/2017 18:39:30;;692.729;151.776;56.9973;113.547;53.4;56.9992;31842.104;31842.7615;-0.657500000001164;6.00601875192003;0.307298905681819;150.0021973;150.0023193;7.024808884;146;
27/09/2017 18:39:30;;692.848;151.764;56.9973;113.607;53.388;56.9992;31842.1091;31842.7615;-0.652399999999034;6.22897440919252;0.469889927655458;149.9981384;149.9978027;7.029965878;147;


27/09/2017 18:39:31;;693.087;151.758;56.9973;113.518;53.424;56.9992;31842.1204;31842.7615;-0.641100000000733;6.18556711593365;0.150514705921523;150.0018005;150.0027313;7.029051781;147;
27/09/2017 18:39:31;;693.087;151.782;56.9973;113.488;53.448;56.9992;31842.1112;31842.7615;-0.650300000001153;5.99878420202629;0.191162461414933;149.995575;149.9975891;7.024272919;148;
27/09/2017 18:39:32;;692.848;151.776;56.9973;113.398;53.49;56.9992;31842.1227;31842.7615;-0.638800000000629;5.89125248000945;0.237617039121687;150.0018463;150.0028534;7.018590927;148;
27/09/2017 18:39:32;;692.729;151.788;56.9973;113.369;53.496;56.9992;31842.1211;31842.7615;-0.640400000000227;5.93498862449517;-0.128212760319002;150.0004272;150;7.013155937;149;
27/09/2017 18:39:33;;692.848;151.764;56.9973;113.369;53.49;56.9992;31842.1435;31842.7615;-0.618000000002212;5.96129607939804;-0.157246871385723;150.0002441;149.9989929;7.009100437;149;
27/09/2017 18:39:33;;692.49;151.764;56.9973;113.369;53.472;56.9992;31842.145;31842.7615;-0.616500000000087;6.07540466070434;0.109866950428113;150.0007935;149.9987335;7.004068375;150;
27/09/2017 18:39:34;;692.61;151.782;56.9973;113.249;53.466;56.9992;31842.1419;31842.7615;-0.61960000000181;6.10598707451017;-0.00626949383877218;150.0034637;150.00383;6.998847961;150;
27/09/2017 18:39:34;;692.133;151.8;56.9973;113.19;53.496;56.9992;31842.1293;31842.7615;-0.632200000000012;6.18556711593365;-0.192087804665789;150.0033569;150.0014954;6.993999958;151;
27/09/2017 18:39:35;;692.49;151.806;56.9973;113.1;53.532;56.9992;31842.1006;31842.7615;-0.660899999998946;6.08822954398918;0.313105727895163;150.000351;150.0026093;6.98905611;151;
27/09/2017 18:39:35;;692.133;151.83;56.9973;113.1;53.556;56.9992;31842.1108;31842.7615;-0.650700000001962;6.11881195752984;0.127287417068146;150.0012207;150.0010376;6.983943462;152;
27/09/2017 18:39:36;;692.252;151.8;56.9973;113.16;53.532;56.9992;31842.1169;31842.7615;-0.644599999999627;6.21318993909493;0.121480594854802;150.0034943;150.0020752;6.979532242;152;
27/09/2017 18:39:36;;692.133;151.806;56.9973;113.1;53.52;56.9992;31842.1136;31842.7615;-0.647899999999936;6.11848311437692;-0.087565004825592;149.9984283;150.0012207;6.974273205;153;
27/09/2017 18:39:37;;692.133;151.824;56.9973;113.1;53.502;56.9992;31842.1497;31842.7615;-0.611799999998766;5.92315026968122;0.0866396615747362;149.9984436;150.0007935;6.968669891;153;
27/09/2017 18:39:37;;692.252;151.842;56.9973;113.011;53.526;56.9992;31842.1248;31842.7615;-0.636699999999109;6.17372876296459;0.115673772641458;150.0026398;150.0022278;6.964240074;154;
27/09/2017 18:39:38;;691.775;151.83;56.9973;112.921;53.58;56.9992;31842.1365;31842.7615;-0.625;6.06521052263247;0.0517987282946706;149.9998016;150.0007782;6.959012508;154;
27/09/2017 18:39:38;;691.775;151.836;56.9973;112.921;53.574;56.9992;31842.1162;31842.7615;-0.645300000000134;6.19641893939164;0.121480594854802;150.0018616;150.0048676;6.953855038;155;
27/09/2017 18:39:39;;691.537;151.848;56.9973;112.862;53.574;56.9992;31842.1521;31842.7615;-0.609400000001187;6.09086028926495;-0.325644715572707;150.0017548;150.0013275;6.949145317;155;
27/09/2017 18:39:39;;691.537;151.83;56.9973;112.653;53.604;56.9992;31842.0994;31842.7615;-0.662100000001374;5.97444980672011;-0.284996960079297;150.0014801;150.0024872;6.943670273;156;
27/09/2017 18:39:40;;691.656;151.848;56.9973;112.415;53.658;56.9992;31842.1385;31842.7615;-0.622999999999593;6.14084444859966;-0.122405938105658;149.9985352;149.9982147;6.93860054;156;
27/09/2017 18:39:40;;691.537;151.866;56.9973;112.415;53.7;56.9992;31842.1252;31842.7615;-0.636300000001938;6.12111385959812;0.278264794615097;150.0028381;150.0023804;6.93435955;157;
27/09/2017 18:39:41;;691.418;151.89;56.9973;112.474;53.706;56.9992;31842.1404;31842.7615;-0.621100000000297;6.1990496844582;-0.0294967826921493;150.0027161;150.0013428;6.929028511;157;
27/09/2017 18:39:42;;691.06;151.86;56.9973;112.325;53.688;56.9992;31842.1177;31842.7615;-0.643800000001647;5.95208847022053;0.104060128214769;150.0003815;150.000824;6.924524307;158;
27/09/2017 18:39:42;;691.06;151.89;56.9973;112.206;53.682;56.9992;31842.1511;31842.7615;-0.610400000001391;6.02706471507867;-0.023689960478805;149.9996643;149.9980469;6.918952465;158;
27/09/2017 18:39:43;;690.822;151.884;56.9973;112.266;53.694;56.9992;31842.1191;31842.7615;-0.642400000000634;6.03528579436751;-0.139826404745691;150.0015106;150.0006409;6.913751602;159;
27/09/2017 18:39:43;;691.06;151.872;56.9973;112.653;53.688;56.9992;31842.1276;31842.7615;-0.633900000000722;6.03397042168399;-0.122405938105658;149.9981537;149.9992065;6.908947945;159;
27/09/2017 18:39:44;;690.822;151.89;56.9973;112.832;53.7;56.9992;31842.1397;31842.7615;-0.621800000000803;5.92019068096767;-0.157246871385723;149.9998627;150.0016022;6.904058933;160;
27/09/2017 18:39:44;;690.822;151.92;56.9973;112.802;53.712;56.9992;31842.1616;31842.7615;-0.599900000001071;5.94715582242963;0.144707883708179;149.9994354;150.0032806;6.899201393;160;
27/09/2017 18:39:45;;690.583;151.938;56.9973;112.623;53.724;56.9992;31842.1451;31842.7615;-0.616399999998976;5.98661700441288;-0.116599115892313;150.0040131;150.004364;6.893147945;161;
27/09/2017 18:39:45;;690.345;151.938;56.9973;112.325;53.706;56.9992;31842.1408;31842.7615;-0.620699999999488;6.11322162391995;-0.0178831382654607;149.999649;149.9987183;6.889329433;161;
27/09/2017 18:39:46;;690.345;151.938;56.9973;112.236;53.718;56.9992;31842.128;31842.7615;-0.633499999999913;6.12440229111774;-0.238542382372543;150.0014801;150.0000916;6.884416103;162;
27/09/2017 18:39:46;;690.106;151.95;56.9973;112.176;53.718;56.9992;31842.1278;31842.7615;-0.633700000002136;6.09447756401158;-0.186280982452445;149.9982147;150.0013275;6.878520966;162;
27/09/2017 18:39:47;;689.987;151.95;56.9973;112.117;53.718;56.9992;31842.141;31842.7615;-0.620500000000902;6.11289278076575;-0.145633226959035;150.0012817;150.0015259;6.874166965;163;
27/09/2017 18:39:47;;689.868;151.962;56.9973;111.938;53.766;56.9992;31842.1266;31842.7615;-0.634900000000926;6.10401401557397;0.00534415058791637;149.9991302;149.999054;6.869269371;163;
27/09/2017 18:39:48;;688.914;152.04;56.9973;111.759;53.796;56.9992;31842.1111;31842.7615;-0.650400000002264;5.95734996118428;0.144707883708179;149.9991608;150.0006714;6.864626408;164;
27/09/2017 18:39:48;;688.318;152.076;56.9973;111.7;53.82;56.9992;31842.106;31842.7615;-0.655500000000757;6.27205285775026;0.249230683548376;149.9993591;149.9987488;6.859012604;164;
27/09/2017 18:39:49;;688.557;152.1;56.9973;111.61;53.82;56.9992;31842.116;31842.7615;-0.645499999998719;6.22634366419071;-0.139826404745691;150.002182;150.0007629;6.854454041;165;
27/09/2017 18:39:49;;688.199;152.112;56.9973;111.521;53.85;56.9992;31842.1532;31842.7615;-0.608299999999872;5.99352271117632;-0.0643377159722149;149.9996948;149.9992371;6.849132538;165;
27/09/2017 18:39:50;;688.08;152.124;56.9973;111.372;53.892;56.9992;31842.1556;31842.7615;-0.605900000002293;6.08888723030856;-0.0585308937588707;149.9990387;149.998291;6.843833447;166;
27/09/2017 18:39:50;;687.722;152.124;56.9973;111.223;53.91;56.9992;31842.1421;31842.7615;-0.619399999999587;5.89651397111953;0.249230683548376;149.9991608;149.999939;6.838581085;166;
27/09/2017 18:39:51;;687.722;152.154;56.9973;111.104;53.898;56.9992;31842.1306;31842.7615;-0.630900000000111;5.9192041513956;0.109866950428113;150.0008545;150.0016479;6.833706856;167;
27/09/2017 18:39:51;;687.722;152.148;56.9973;111.014;53.868;56.9992;31842.1438;31842.7615;-0.617699999998877;6.22371291918309;0.0982533060014248;149.998291;149.998642;6.828341007;167;
27/09/2017 18:39:51;;687.603;152.166;56.9973;111.044;53.874;56.9992;31842.1106;31842.7615;-0.650900000000547;6.18458058652375;0.115673772641458;149.9978027;149.9979553;6.824449539;168;
27/09/2017 18:39:52;;687.245;152.178;56.9973;111.133;53.898;56.9992;31842.1237;31842.7615;-0.637800000000425;6.07145854274896;0.202776105841622;150.000946;149.9984131;6.819235802;168;
27/09/2017 18:39:52;;687.126;152.196;56.9973;111.253;53.922;56.9992;31842.1115;31842.7615;-0.650000000001455;6.22502829168762;-0.023689960478805;149.9998627;149.9979858;6.814163208;169;
27/09/2017 18:39:53;;687.126;152.208;56.9973;111.402;53.946;56.9992;31842.1183;31842.7615;-0.643200000002253;6.2128610959657;-0.157246871385723;149.9981995;149.9969482;6.809249401;169;
27/09/2017 18:39:53;;687.364;152.196;56.9973;111.461;53.964;56.9992;31842.1131;31842.7615;-0.648400000001857;5.98891890667023;-0.197894626879133;149.9982605;150.0010681;6.804330826;170;
27/09/2017 18:39:54;;686.768;152.22;56.9973;111.372;53.988;56.9992;31842.1095;31842.7615;-0.652000000001863;6.00634759509632;0.080832839361392;149.9977264;149.9975586;6.799522877;170;
27/09/2017 18:39:54;;686.768;152.22;56.9973;111.133;53.994;56.9992;31842.1299;31842.7615;-0.631600000000617;6.16715190015705;-0.116599115892313;149.9957581;149.9965515;6.793488979;171;
27/09/2017 18:39:55;;686.768;152.214;56.9973;111.074;54.012;56.9992;31842.1601;31842.7615;-0.601399999999558;5.95767880436906;0.21438975026831;150.0011902;149.9995117;6.789092064;171;
27/09/2017 18:39:55;;686.649;152.196;56.9973;111.074;54;56.9992;31842.0991;31842.7615;-0.662400000001071;6.29605840470349;0.109866950428113;150.0025177;150.0033264;6.784201145;172;
27/09/2017 18:39:56;;686.53;152.22;56.9973;110.955;54.018;56.9992;31842.145;31842.7615;-0.616500000000087;6.11420815338211;-0.110792293678969;150.000473;149.9995575;6.779816151;172;
27/09/2017 18:39:56;;686.768;152.244;56.9973;110.716;54.078;56.9992;31842.1399;31842.7615;-0.621600000002218;5.98497278851304;0.0285714394412935;149.9973755;150.0006714;6.773915291;173;
27/09/2017 18:39:57;;686.411;152.244;56.9973;110.537;54.108;56.9992;31842.1633;31842.7615;-0.598200000000361;5.97050368853282;-0.168860515812412;150.0005493;150.0003052;6.76863575;173;
27/09/2017 18:39:57;;686.292;152.232;56.9973;110.567;54.114;56.9992;31842.1304;31842.7615;-0.631100000002334;6.1595885078875;-0.0178831382654607;150.0008698;150.0011292;6.763692379;174;
27/09/2017 18:39:58;;686.292;152.25;56.9973;110.597;54.144;56.9992;31842.164;31842.7615;-0.597499999999854;6.08033730813436;0.13309423928149;150.0005798;150.000885;6.759261131;174;
27/09/2017 18:39:58;;686.172;152.268;56.9973;110.239;54.276;56.9992;31842.1594;31842.7615;-0.602100000000064;5.96524219760395;0.040185083867982;150.0001831;150.000061;6.754102707;175;
27/09/2017 18:39:59;;686.172;152.268;56.9973;109.971;54.306;56.9992;31842.1727;31842.7615;-0.588800000001356;6.07277391540187;-0.0120763160521165;150.000946;149.9995422;6.749276638;175;
27/09/2017 18:39:59;;686.053;152.262;56.9973;109.882;54.294;56.9992;31842.129;31842.7615;-0.632499999999709;6.04811067797716;-0.296610604505986;150.0007782;150.0037994;6.743465424;175;
27/09/2017 18:40:00;;686.053;152.292;56.9973;109.822;54.294;56.9992;31842.1272;31842.7615;-0.634300000001531;6.04580877579817;-0.197894626879133;150.0032959;150.004303;6.738510132;176;
27/09/2017 18:40:00;;685.815;152.262;56.9973;109.792;54.318;56.9992;31842.1335;31842.7615;-0.628000000000611;6.26942211284691;-0.279190137865953;150.0002899;150.0009155;6.733756065;176;
27/09/2017 18:40:01;;685.934;152.286;56.9973;109.941;54.366;56.9992;31842.1176;31842.7615;-0.643899999999121;6.23259168356048;0.121480594854802;149.9987793;150.0003662;6.729026794;177;
27/09/2017 18:40:01;;685.934;152.292;56.9973;109.971;54.384;56.9992;31842.1051;31842.7615;-0.656399999999849;6.14643478209874;0.278264794615097;149.9996796;150.00177;6.724275589;177;
27/09/2017 18:40:02;;685.696;152.304;56.9973;110.001;54.39;56.9992;31842.128;31842.7615;-0.633499999999913;6.13032146783366;0.226003394694999;149.9993896;149.9984283;6.718287468;178;
27/09/2017 18:40:02;;685.457;152.322;56.9973;109.882;54.354;56.9992;31842.1432;31842.7615;-0.618300000001909;6.22272638980373;-0.110792293678969;149.9981384;149.9981842;6.713776588;178;
27/09/2017 18:40:03;;685.576;152.316;56.9973;109.882;54.354;56.9992;31842.1718;31842.7615;-0.589700000000448;6.18721133161511;0.0459919060813263;150.0027008;150.0010681;6.70899725;179;
27/09/2017 18:40:03;;685.576;152.322;56.9973;109.941;54.372;56.9992;31842.1359;31842.7615;-0.625599999999395;6.20759960588593;0.150514705921523;150.0001831;150.0001221;6.703875065;179;
27/09/2017 18:40:04;;685.576;152.322;56.9973;109.941;54.366;56.9992;31842.1473;31842.7615;-0.614199999999983;6.08724301450958;-0.0178831382654607;149.9979706;149.9971161;6.699843884;180;
27/09/2017 18:40:04;;685.338;152.334;56.9973;109.882;54.354;56.9992;31842.1485;31842.7615;-0.613000000001193;6.20102274325447;-0.0991786492522806;149.9998627;150.002121;6.694257736;180;
27/09/2017 18:40:05;;685.219;152.334;56.9973;109.733;54.336;56.9992;31842.1463;31842.7615;-0.615200000000186;5.98793237713171;0.0343782616546378;149.9972076;149.9972534;6.688410759;181;
27/09/2017 18:40:05;;684.98;152.346;56.9973;109.703;54.33;56.9992;31842.1351;31842.7615;-0.626400000001013;6.15498470387615;-0.134019582532346;150.0000763;150.002121;6.684609413;181;
27/09/2017 18:40:06;;685.1;152.37;56.9973;109.584;54.294;56.9992;31842.1501;31842.7615;-0.611400000001595;5.97872476808053;-0.308224248932675;149.9982605;149.999176;6.678958416;182;
27/09/2017 18:40:06;;684.98;152.364;56.9973;109.464;54.3;56.9992;31842.1472;31842.7615;-0.614300000001094;6.04383571678503;-0.174667338025756;150.0009613;150.0011292;6.673989773;182;
27/09/2017 18:40:07;;684.98;152.358;56.9973;109.464;54.282;56.9992;31842.1201;31842.7615;-0.641400000000431;6.1691249590028;0.121480594854802;150.000061;149.9999695;6.668829918;183;
27/09/2017 18:40:07;;684.861;152.364;56.9973;109.435;54.258;56.9992;31842.1113;31842.7615;-0.650200000000041;6.30986981503805;-0.104985471465625;149.9975891;149.997818;6.663811207;183;
27/09/2017 18:40:08;;684.861;152.37;56.9973;109.494;54.282;56.9992;31842.1655;31842.7615;-0.596000000001368;6.20069390012198;0.284071616828442;149.9968262;149.9986115;6.659265041;184;
27/09/2017 18:40:08;;684.384;152.364;56.9973;109.524;54.3;56.9992;31842.1325;31842.7615;-0.629000000000815;6.27073748529936;-0.34306518221274;149.9996033;150.0019531;6.653275013;184;
27/09/2017 18:40:09;;684.742;152.394;56.9973;109.584;54.33;56.9992;31842.1721;31842.7615;-0.589400000000751;5.87382379062622;-0.0294967826921493;149.9980011;149.9989166;6.649480343;185;
27/09/2017 18:40:09;;684.742;152.376;56.9973;109.703;54.384;56.9992;31842.1476;31842.7615;-0.613900000000285;6.32137932351254;0.220196572481655;149.99823;149.9986572;6.643848896;185;
27/09/2017 18:40:10;;684.503;152.406;56.9973;109.703;54.39;56.9992;31842.1278;31842.7615;-0.633700000002136;6.06126440465136;-0.087565004825592;149.9981995;149.9984894;6.639644623;186;
27/09/2017 18:40:10;;684.384;152.4;56.9973;109.703;54.384;56.9992;31842.1426;31842.7615;-0.618900000001304;6.1342675856303;0.231810216908343;150.001236;150.0007935;6.63303566;186;
27/09/2017 18:40:11;;684.384;152.4;56.9973;109.703;54.372;56.9992;31842.1682;31842.7615;-0.593300000000454;5.98891890667023;-0.0469172493321821;149.9997406;149.9992523;6.62878418;187;
27/09/2017 18:40:11;;684.384;152.424;56.9973;109.703;54.366;56.9992;31842.1933;31842.7615;-0.568200000001525;6.16221925302966;0.109866950428113;150.0021667;150.0028381;6.623296738;187;
27/09/2017 18:40:12;;684.146;152.418;56.9973;109.673;54.354;56.9992;31842.1541;31842.7615;-0.60740000000078;6.20792844901658;0.156321528134868;149.9990997;149.9974365;6.619582176;188;
27/09/2017 18:40:12;;684.027;152.436;56.9973;109.643;54.33;56.9992;31842.1364;31842.7615;-0.625100000001112;6.03101083314231;-0.0294967826921493;150.0002136;149.9988403;6.613550186;188;
27/09/2017 18:40:12;;683.669;152.418;56.9973;109.435;54.288;56.9992;31842.1593;31842.7615;-0.602200000001176;6.16846727272121;-0.197894626879133;149.9970093;149.9959717;6.608980179;189;
27/09/2017 18:40:13;;683.55;152.454;56.9973;109.286;54.258;56.9992;31842.1396;31842.7615;-0.621900000001915;5.96425566805321;-0.122405938105658;150.000473;149.9999695;6.603631496;189;
27/09/2017 18:40:14;;683.669;152.454;56.9973;109.226;54.234;56.9992;31842.1314;31842.7615;-0.63010000000213;6.22568597793935;0.0517987282946706;149.9979553;149.9988403;6.599197388;190;
27/09/2017 18:40:14;;683.669;152.46;56.9973;109.226;54.246;56.9992;31842.1273;31842.7615;-0.634200000000419;6.1750441355221;0.167935172561556;150.0010834;150.0001984;6.593710899;190;
27/09/2017 18:40:15;;683.669;152.43;56.9973;109.226;54.264;56.9992;31842.1345;31842.7615;-0.627000000000407;6.07080085642209;-0.0353036049054936;150.0025787;149.9999695;6.588693142;191;
27/09/2017 18:40:15;;683.311;152.454;56.9973;109.256;54.264;56.9992;31842.1602;31842.7615;-0.601300000002084;6.15268280186451;-0.157246871385723;149.9981079;149.9972687;6.583683968;191;
27/09/2017 18:40:16;;683.073;152.496;56.9973;109.286;54.264;56.9992;31842.167;31842.7615;-0.594499999999243;6.09118913242409;0.115673772641458;149.9995422;149.9996796;6.579725266;192;
27/09/2017 18:40:16;;683.311;152.514;56.9973;109.226;54.252;56.9992;31842.1841;31842.7615;-0.577400000001944;5.97971129762388;-0.000462671625427902;150.0021515;150.0027466;6.573723793;192;
27/09/2017 18:40:17;;683.311;152.514;56.9973;109.226;54.282;56.9992;31842.1597;31842.7615;-0.601800000000367;6.18589595907011;0.196969283628277;149.9980164;149.9974365;6.569388866;193;
27/09/2017 18:40:17;;683.073;152.508;56.9973;109.226;54.288;56.9992;31842.1682;31842.7615;-0.593300000000454;6.05698944349407;0.220196572481655;149.997345;149.9985199;6.564398766;193;
27/09/2017 18:40:18;;682.954;152.502;56.9973;109.226;54.276;56.9992;31842.1724;31842.7615;-0.589100000001054;5.94090780187754;0.0517987282946706;150.0020752;150.0012054;6.559514046;194;
27/09/2017 18:40:18;;682.715;152.532;56.9973;109.226;54.276;56.9992;31842.2031;31842.7615;-0.558400000001711;5.95800764755378;-0.267576493439265;149.9967804;149.9994202;6.553070068;195;
27/09/2017 18:40:19;;682.954;152.532;56.9973;109.226;54.282;56.9992;31842.1946;31842.7615;-0.566900000001624;6.0497548938173;-0.0643377159722149;149.9975281;150.0016632;6.549126625;195;
27/09/2017 18:40:19;;682.954;152.52;56.9973;109.226;54.282;56.9992;31842.183;31842.7615;-0.578499999999622;6.07408928805367;-0.0353036049054936;149.9992523;149.9987488;6.543659687;196;
27/09/2017 18:40:20;;682.596;152.52;56.9973;109.256;54.3;56.9992;31842.1395;31842.7615;-0.621999999999389;6.10335632926131;-0.0817581826122478;150.0021057;149.9998779;6.539381027;196;
27/09/2017 18:40:20;;682.477;152.532;56.9973;109.286;54.324;56.9992;31842.1535;31842.7615;-0.608000000000175;6.14807899782938;0.0227646172279492;149.9989471;149.9992065;6.534099102;197;
27/09/2017 18:40:21;;682.715;152.532;56.9973;109.196;54.3;56.9992;31842.1741;31842.7615;-0.587400000000343;6.09349103453609;-0.406940226559527;149.9964294;149.9968414;6.528632641;197;
27/09/2017 18:40:21;;682.596;152.532;56.9973;109.077;54.258;56.9992;31842.1853;31842.7615;-0.576199999999517;6.2542953295332;-0.128212760319002;150.0007782;150.0017548;6.523050308;198;
27/09/2017 18:40:22;;682.477;152.556;56.9973;108.928;54.234;56.9992;31842.153;31842.7615;-0.608500000002095;6.02640702873384;0.00534415058791637;150.002533;150.0016327;6.519239426;198;
27/09/2017 18:40:22;;682.358;152.556;56.9973;108.839;54.204;56.9992;31842.1831;31842.7615;-0.578400000002148;6.18458058652375;0.266651150188409;149.9996033;149.9997101;6.514121056;199;
27/09/2017 18:40:23;;682.477;152.556;56.9973;108.809;54.198;56.9992;31842.1995;31842.7615;-0.562000000001717;6.22338407605673;0.167935172561556;149.9964142;149.9960938;6.509284973;199;
27/09/2017 18:40:23;;682.119;152.526;56.9973;108.898;54.234;56.9992;31842.1881;31842.7615;-0.573400000001129;5.9356463108718;-0.00626949383877218;149.9994507;150.0005341;6.504970551;199;
27/09/2017 18:40:23;;681.881;152.526;56.9973;109.017;54.258;56.9992;31842.1848;31842.7615;-0.576700000001438;5.9846439453329;-0.0353036049054936;150.0013275;150.0006714;6.499378204;200;
27/09/2017 18:40:24;;682.715;152.538;56.9973;109.166;54.312;56.9992;31842.1857;31842.7615;-0.575799999998708;6.06553936579712;-0.22112191573251;149.9983826;149.9978333;6.493542194;200;
27/09/2017 18:40:24;;682.715;152.532;56.9973;109.286;54.342;56.9992;31842.2039;31842.7615;-0.557600000000093;5.98727469077241;-0.0178831382654607;149.9997101;150.0008087;6.489659786;201;
27/09/2017 18:40:25;;682.954;152.526;56.9973;109.286;54.324;56.9992;31842.1787;31842.7615;-0.582800000000134;6.04580877579817;-0.0178831382654607;150.003891;150.0047607;6.483675957;201;
27/09/2017 18:40:26;;682.715;152.526;56.9973;109.315;54.324;56.9992;31842.1983;31842.7615;-0.563200000000506;6.05337216865975;0.202776105841622;149.9996948;149.9985046;6.478869915;202;
27/09/2017 18:40:26;;682.715;152.526;56.9973;109.345;54.336;56.9992;31842.1794;31842.7615;-0.582099999999627;6.25067805523269;-0.168860515812412;150.0011902;149.9994965;6.474527836;202;
27/09/2017 18:40:27;;682.835;152.526;56.9973;109.286;54.33;56.9992;31842.1921;31842.7615;-0.569400000000314;6.23423589917862;-0.0817581826122478;150.0003815;150.0014038;6.469501495;203;
27/09/2017 18:40:27;;682.715;152.532;56.9973;109.226;54.312;56.9992;31842.206;31842.7615;-0.555500000002212;6.07803540600232;-0.0120763160521165;150.001297;150.0035095;6.463549614;203;
27/09/2017 18:40:28;;682.477;152.52;56.9973;109.226;54.3;56.9992;31842.1851;31842.7615;-0.57640000000174;6.24179929099237;0.226003394694999;149.9998474;150.0011597;6.458850861;204;
27/09/2017 18:40:28;;682.596;152.538;56.9973;109.226;54.276;56.9992;31842.2261;31842.7615;-0.535400000000664;5.91690224905908;-0.128212760319002;150.0000916;149.9983978;6.453761578;204;
27/09/2017 18:40:29;;682.715;152.562;56.9973;109.166;54.258;56.9992;31842.2046;31842.7615;-0.556899999999587;6.08165268077968;-0.395326582132839;149.9993896;149.9964752;6.449303627;205;
27/09/2017 18:40:29;;682.715;152.532;56.9973;109.226;54.276;56.9992;31842.1993;31842.7615;-0.562200000000303;6.07408928805367;0.435048994375393;150.0011902;149.9970093;6.44428587;205;
27/09/2017 18:40:30;;682.835;152.532;56.9973;109.345;54.306;56.9992;31842.207;31842.7615;-0.554500000002008;6.15531354702035;0.0111509728012607;149.9977112;150.0005341;6.438646317;206;
27/09/2017 18:40:30;;682.954;152.544;56.9973;109.405;54.318;56.9992;31842.1781;31842.7615;-0.583399999999529;6.10171211347836;0.109866950428113;150.0020142;149.9991455;6.433487892;206;
27/09/2017 18:40:31;;682.835;152.538;56.9973;109.315;54.306;56.9992;31842.2137;31842.7615;-0.547800000000279;6.11289278076575;-0.163053693599068;149.9997864;149.9985504;6.428445816;207;
27/09/2017 18:40:31;;682.715;152.538;56.9973;109.256;54.306;56.9992;31842.2211;31842.7615;-0.540400000001682;6.20924382153829;0.167935172561556;149.999054;150.0002289;6.423995972;207;
27/09/2017 18:40:32;;682.596;152.538;56.9973;109.256;54.306;56.9992;31842.2177;31842.7615;-0.543799999999464;6.16189040988718;0.318912550108507;149.9959869;149.9956207;6.419129372;208;
27/09/2017 18:40:32;;682.715;152.544;56.9973;109.196;54.27;56.9992;31842.2271;31842.7615;-0.53440000000046;6.10039674085068;-0.209508271305822;150.000412;150.0017242;6.413057804;208;
27/09/2017 18:40:33;;683.073;152.538;56.9973;109.166;54.258;56.9992;31842.2207;31842.7615;-0.540799999998853;6.30296410989311;0.0692191949347034;150.0014343;150.0008087;6.409249306;209;
27/09/2017 18:40:33;;682.835;152.526;56.9973;109.166;54.276;56.9992;31842.2231;31842.7615;-0.538400000001275;6.19970737072397;-0.273383315652609;149.9993286;149.9984589;6.403507233;209;
27/09/2017 18:40:34;;682.835;152.568;56.9973;109.137;54.294;56.9992;31842.2301;31842.7615;-0.531399999999849;6.24870499651852;0.13309423928149;149.9977112;150.000946;6.398568153;210;
27/09/2017 18:40:34;;682.715;152.562;56.9973;109.137;54.294;56.9992;31842.2291;31842.7615;-0.532400000000052;6.21055919405859;-0.0991786492522806;150.0015411;150.0009613;6.394340515;210;
27/09/2017 18:40:35;;682.835;152.55;56.9973;109.107;54.288;56.9992;31842.2405;31842.7615;-0.52100000000064;6.04547993262948;0.289878439041786;150.002533;150.0003662;6.388763428;211;
27/09/2017 18:40:35;;682.835;152.55;56.9973;109.017;54.252;56.9992;31842.2525;31842.7615;-0.509000000001834;6.02542049921612;0.266651150188409;149.9980774;149.9958801;6.383560658;211;
27/09/2017 18:40:36;;682.954;152.532;56.9973;109.017;54.252;56.9992;31842.2327;31842.7615;-0.528800000000047;6.20661307649345;0.266651150188409;149.9993591;150.0013885;6.378837585;212;
27/09/2017 18:40:36;;682.715;152.532;56.9973;109.137;54.3;56.9992;31842.286;31842.7615;-0.475500000000466;5.99845535884861;-0.145633226959035;150.0024414;150.0014038;6.373577118;212;
27/09/2017 18:40:37;;682.954;152.532;56.9973;109.315;54.354;56.9992;31842.2722;31842.7615;-0.489300000001094;6.04580877579817;-0.151440049172379;150.002533;150.0043945;6.368908405;213;
27/09/2017 18:40:37;;682.954;152.538;56.9973;109.524;54.414;56.9992;31842.299;31842.7615;-0.462500000001455;5.99450924071185;0.0634123727213591;149.9990234;149.9982605;6.363372803;213;
27/09/2017 18:40:37;;682.954;152.55;56.9973;109.613;54.426;56.9992;31842.2406;31842.7615;-0.520899999999529;6.23094746794005;0.231810216908343;150.000061;149.9995728;6.358665466;214;
27/09/2017 18:40:38;;683.073;152.544;56.9973;109.643;54.432;56.9992;31842.2858;31842.7615;-0.475699999999051;6.1691249590028;-0.157246871385723;150.0010681;150.0014038;6.353979588;214;
27/09/2017 18:40:38;;683.073;152.532;56.9973;109.584;54.42;56.9992;31842.2578;31842.7615;-0.503700000001118;6.28520658217339;-0.151440049172379;150.0007629;150.0036621;6.350047112;215;
27/09/2017 18:40:39;;683.192;152.502;56.9973;109.643;54.426;56.9992;31842.3145;31842.7615;-0.447000000000116;5.85738163072111;0.185355639201589;149.9995422;150.0014648;6.344708443;215;
27/09/2017 18:40:39;;683.311;152.514;56.9973;109.613;54.42;56.9992;31842.2808;31842.7615;-0.48070000000007;6.11979848698813;0.150514705921523;150.0015411;150.0006409;6.339293957;216;
27/09/2017 18:40:40;;683.55;152.52;56.9973;109.613;54.396;56.9992;31842.2802;31842.7615;-0.481299999999464;6.23423589917862;0.0343782616546378;149.9976959;150.0015411;6.334003925;216;
27/09/2017 18:40:40;;683.669;152.508;56.9973;109.524;54.36;56.9992;31842.3092;31842.7615;-0.452300000000832;5.9067081101119;-0.174667338025756;150.0011749;150.0047455;6.329376698;217;
27/09/2017 18:40:41;;683.788;152.49;56.9973;109.435;54.354;56.9992;31842.3142;31842.7615;-0.447299999999814;6.00141494744556;-0.157246871385723;149.9996948;149.9982605;6.323464394;217;
27/09/2017 18:40:41;;683.907;152.496;56.9973;109.435;54.354;56.9992;31842.3312;31842.7615;-0.430299999999988;6.084941112388;-0.401133404346183;150.0031128;150.0033264;6.318615913;218;
27/09/2017 18:40:42;;683.907;152.472;56.9973;109.405;54.336;56.9992;31842.2884;31842.7615;-0.473099999999249;6.05501638449454;0.121480594854802;150.0001831;150.0010223;6.313790321;218;
27/09/2017 18:40:42;;684.265;152.466;56.9973;109.345;54.3;56.9992;31842.3435;31842.7615;-0.418000000001484;6.12012733014074;-0.168860515812412;150.0017853;150.0028992;6.309252739;219;
27/09/2017 18:40:43;;684.623;152.43;56.9973;109.286;54.27;56.9992;31842.3215;31842.7615;-0.440000000002328;6.23357821293164;-0.0643377159722149;150.0000305;150.0028229;6.304359913;219;
27/09/2017 18:40:43;;684.503;152.43;56.9973;109.315;54.288;56.9992;31842.319;31842.7615;-0.442500000001019;6.2128610959657;0.33633301674854;149.9954681;149.996582;6.298841476;220;
27/09/2017 18:40:44;;684.861;152.412;56.9973;109.464;54.312;56.9992;31842.3077;31842.7615;-0.453799999999319;6.18194984142695;0.0343782616546378;150.0002594;150.0005341;6.29406786;220;
27/09/2017 18:40:44;;685.1;152.406;56.9973;109.464;54.3;56.9992;31842.3047;31842.7615;-0.45679999999993;6.25232227082525;-0.0643377159722149;150.0025635;150.0018311;6.289156914;221;
27/09/2017 18:40:45;;685.815;152.394;56.9973;109.524;54.312;56.9992;31842.3478;31842.7615;-0.413700000000972;6.04942605064941;-0.128212760319002;149.9993744;150.0001831;6.283585072;221;
27/09/2017 18:40:45;;685.934;152.37;56.9973;109.584;54.324;56.9992;31842.3314;31842.7615;-0.430100000001403;6.06192209098223;-0.0294967826921493;149.9980469;149.9988098;6.27910614;222;
27/09/2017 18:40:46;;686.292;152.34;56.9973;109.733;54.342;56.9992;31842.3378;31842.7615;-0.423699999999371;6.24410119283899;-0.0527240715455264;150.002655;149.9995117;6.274683952;222;
27/09/2017 18:40:46;;686.53;152.37;56.9973;109.852;54.378;56.9992;31842.3275;31842.7615;-0.434000000001106;6.10138327032155;-0.226928737945855;149.99617;149.995636;6.269356251;223;
27/09/2017 18:40:47;;686.649;152.358;56.9973;109.971;54.42;56.9992;31842.3734;31842.7615;-0.388100000000122;6.04087612826088;-0.116599115892313;150.0015717;150.0022888;6.26428318;223;
27/09/2017 18:40:47;;686.888;152.346;56.9973;110.15;54.444;56.9992;31842.3683;31842.7615;-0.393200000002253;6.20003621385673;0.109866950428113;150.0000458;149.9996185;6.258811951;224;
27/09/2017 18:40:48;;687.484;152.292;56.9973;110.18;54.45;56.9992;31842.3962;31842.7615;-0.365300000001298;5.88500445930131;-0.244349204585887;149.9990234;149.9963989;6.253622055;224;
27/09/2017 18:40:48;;687.841;152.256;56.9973;110.388;54.372;56.9992;31842.3625;31842.7615;-0.399000000001251;6.0000995747364;0.400208061095327;149.9993134;149.9984131;6.249377251;225;
27/09/2017 18:40:49;;688.437;152.274;56.9973;110.776;54.252;56.9992;31842.4133;31842.7615;-0.348200000000361;6.0638951499732;-0.215315093519166;149.9971619;149.996521;6.243833542;225;
27/09/2017 18:40:50;;689.153;152.25;56.9973;110.955;54.21;56.9992;31842.4004;31842.7615;-0.361100000001898;6.17405760610409;-0.290803782292642;149.9985504;149.9996948;6.238950729;226;
27/09/2017 18:40:50;;689.749;152.226;56.9973;111.104;54.24;56.9992;31842.4203;31842.7615;-0.341199999998935;6.13360989933164;-0.0294967826921493;150.0000305;149.9985962;6.233604431;226;
27/09/2017 18:40:50;;690.345;152.214;56.9973;111.372;54.222;56.9992;31842.4097;31842.7615;-0.351800000000367;6.15761544902744;-0.250156026799232;149.9970398;149.9984741;6.229077816;227;
27/09/2017 18:40:51;;691.418;152.256;56.9973;111.729;54.24;56.9992;31842.3648;31842.7615;-0.396700000001147;6.23752433040799;0.243423861335032;149.9974365;149.9981384;6.224122047;227;
27/09/2017 18:40:52;;738.148;156.066;56.9973;116.557;56.712;56.9992;31842.5576;31842.7615;-0.203900000000431;5.71795211124386;0.347946661175229;149.9992218;149.998703;6.213536263;228;
27/09/2017 18:40:53;;791.911;155.922;56.9973;128.956;61.026;56.9992;31842.636;31842.7615;-0.125500000001921;5.79424373579956;-0.104985471465625;150.0013123;149.9996033;6.194290638;229;
27/09/2017 18:40:54;;841.144;152.82;56.9973;135.035;61.914;56.9992;31842.6384;31842.7615;-0.123100000000704;5.73275005576854;0.318912550108507;149.9976349;149.9969482;6.174496651;230;
27/09/2017 18:40:54;;868.563;145.422;56.9973;144.512;61.614;56.9992;31842.7706;31842.7615;0.00909999999930733;5.47723887722406;-0.186280982452445;150.0012665;150.0009613;6.153626442;231;
27/09/2017 18:40:55;;869.397;137.34;56.9973;162.96;54.822;56.9992;31842.8231;31842.7615;0.061600000000908;5.91953299458634;0.266651150188409;150.0008087;149.9987793;6.134840965;232;
27/09/2017 18:40:56;;864.271;135.552;56.9973;202.001;41.466;56.9992;31842.7898;31842.7615;0.0282999999981257;6.14380403692556;-0.244349204585887;149.9974976;149.9975433;6.112990856;232;
27/09/2017 18:40:57;;864.033;135.444;56.9973;217.23;37.098;56.9992;31842.8064;31842.7615;0.04490000000078;6.07343160172791;-0.296610604505986;149.999054;149.9997711;6.094488621;233;
27/09/2017 18:40:58;;864.271;135.438;56.9973;220.21;36.354;56.9992;31842.7489;31842.7615;-0.0126000000018394;6.28060277864314;-0.023689960478805;150.0021515;149.9993134;6.073529243;234;
27/09/2017 18:40:59;;864.39;135.432;56.9973;220.508;36.204;56.9992;31842.7226;31842.7615;-0.0388999999995576;6.15893082160114;0.278264794615097;149.9979248;149.997879;6.053277969;235;
27/09/2017 18:40:59;;864.271;135.426;56.9973;220.419;36.156;56.9992;31842.7712;31842.7615;0.00969999999870197;6.11881195752984;0.475696749868803;149.9995575;149.9980316;6.034744263;236;
27/09/2017 18:41:00;;864.271;135.414;56.9973;220.449;36.168;56.9992;31842.7569;31842.7615;-0.00460000000020955;6.23259168356048;0.0924464837880805;150.0000916;150.0005951;6.014476776;237;
27/09/2017 18:41:01;;864.39;135.426;56.9973;220.419;36.156;56.9992;31842.7505;31842.7615;-0.011000000002241;6.26284525056149;-0.0933718270389363;150.0016022;150.0015106;5.993130684;238;
27/09/2017 18:41:02;;864.39;135.438;56.9973;220.33;36.162;56.9992;31842.7848;31842.7615;0.0233000000007451;6.04547993262948;-0.087565004825592;149.9980164;149.9963684;5.973587036;239;
27/09/2017 18:41:03;;864.39;135.426;56.9973;220.568;36.216;56.9992;31842.7427;31842.7615;-0.0188000000016473;6.10006789769357;0.0227646172279492;149.9982605;149.999649;5.953586102;240;
27/09/2017 18:41:04;;864.39;135.432;56.9973;220.836;36.246;56.9992;31842.7704;31842.7615;0.00890000000072178;6.04219150093894;-0.00626949383877218;150;150.000473;5.934125423;240;
27/09/2017 18:41:05;;864.152;135.432;56.9973;220.628;36.198;56.9992;31842.7869;31842.7615;0.0253999999986263;6.16715190015705;-0.1804741602391;150.002182;150.0034637;5.914071083;241;
27/09/2017 18:41:06;;864.509;135.438;56.9973;220.568;36.18;56.9992;31842.7749;31842.7615;0.0133999999998196;6.0412049714305;-0.0817581826122478;149.9993286;150.0001831;5.892281055;242;
27/09/2017 18:41:07;;864.152;135.438;56.9973;220.747;36.252;56.9992;31842.7617;31842.7615;0.000199999998585554;6.15268280186451;0.266651150188409;149.9983521;149.9977722;5.874470711;243;
27/09/2017 18:41:08;;864.271;135.438;56.9973;221.045;36.282;56.9992;31842.7574;31842.7615;-0.00410000000192667;6.20003621385673;-0.0991786492522806;150.0011444;150.0009613;5.853408337;244;
27/09/2017 18:41:08;;864.033;135.438;56.9973;221.402;36.276;56.9992;31842.7523;31842.7615;-0.0092000000004191;6.12210038905481;-0.145633226959035;150.0001221;150.0005341;5.833584309;245;
27/09/2017 18:41:09;;864.629;135.444;56.9973;221.492;36.264;56.9992;31842.7538;31842.7615;-0.00770000000193249;6.24344350659756;0.144707883708179;150.0020142;150.0013733;5.813957214;246;
27/09/2017 18:41:10;;864.271;135.444;56.9973;221.164;36.282;56.9992;31842.7841;31842.7615;0.0226000000002387;6.11157740814819;0.318912550108507;149.9990692;150.0026855;5.794235229;247;
27/09/2017 18:41:11;;864.152;135.42;56.9973;220.777;36.24;56.9992;31842.7847;31842.7615;0.0231999999996333;6.08757185766952;-0.139826404745691;150.0043945;150.004425;5.773891449;248;
27/09/2017 18:41:12;;864.39;135.438;56.9973;220.598;36.204;56.9992;31842.8008;31842.7615;0.0393000000003667;6.05304332549259;0.0459919060813263;149.9981232;149.9972229;5.754543304;248;
27/09/2017 18:41:13;;864.271;135.456;56.9973;220.628;36.24;56.9992;31842.7615;31842.7615;0;6.13196568358362;-0.209508271305822;149.9964905;149.9998779;5.734210014;249;
27/09/2017 18:41:14;;864.152;135.426;56.9973;220.896;36.27;56.9992;31842.7939;31842.7615;0.0324000000000524;5.97280559080972;0.0750260171480477;149.9969482;149.9982758;5.71404171;250;
27/09/2017 18:41:15;;864.39;135.438;56.9973;221.164;36.276;56.9992;31842.739;31842.7615;-0.0224999999991269;6.06784126794772;-0.331451537786052;149.999054;149.9986267;5.694322586;251;
27/09/2017 18:41:16;;864.033;135.426;56.9973;221.164;36.276;56.9992;31842.7404;31842.7615;-0.0211000000017521;6.20069390012198;0.0227646172279492;149.9988251;150.0002594;5.673674583;252;
27/09/2017 18:41:16;;864.39;135.45;56.9973;221.045;36.282;56.9992;31842.7848;31842.7615;0.0233000000007451;6.23752433040799;0.231810216908343;149.996994;149.9964294;5.65409565;253;
27/09/2017 18:41:17;;864.271;135.444;56.9973;220.777;36.252;56.9992;31842.7328;31842.7615;-0.0286999999989348;6.20200927265142;0.371173950028606;150.0012665;150.0031433;5.633039474;253;
27/09/2017 18:41:18;;864.271;135.432;56.9973;220.657;36.204;56.9992;31842.7904;31842.7615;0.0289000000011583;6.28586426839041;-0.0294967826921493;149.9989929;149.9961548;5.613586903;254;
27/09/2017 18:41:19;;864.271;135.426;56.9973;220.717;36.222;56.9992;31842.7679;31842.7615;0.00639999999839347;6.30099105127204;-0.174667338025756;149.9980011;149.996994;5.594064713;255;
27/09/2017 18:41:20;;864.39;135.438;56.9973;220.985;36.288;56.9992;31842.7254;31842.7615;-0.03610000000117;6.06159324781683;0.278264794615097;149.9985962;149.9994202;5.573723793;256;
27/09/2017 18:41:21;;864.39;135.438;56.9973;221.015;36.288;56.9992;31842.7517;31842.7615;-0.00979999999981374;6.12144270275043;-0.157246871385723;150.0020294;150.0033264;5.554337502;257;
27/09/2017 18:41:22;;864.152;135.432;56.9973;221.194;36.288;56.9992;31842.757;31842.7615;-0.00449999999909778;6.16517884130832;0.313105727895163;149.9990234;150.0018768;5.533360004;258;
27/09/2017 18:41:23;;864.152;135.444;56.9973;221.015;36.252;56.9992;31842.785;31842.7615;0.0234999999993306;6.07343160172791;-0.255962849012576;150.0045624;150.0040588;5.5130229;259;


