

Date et heure;Amp_sr850_2(?V);Pha_sr850_2(?);Freq_sr850(Hz)_2;Amp_sr850(?V);Pha_sr850(?);Freq_sr850(Hz);Freq_hp33120(Hz);Freq_0(Hz);DeltaFreq(Hz);Ampl_5210_daq(?V);Pha_5210_daq(?V);X_727(?m);Y_727(?m);Z_727(?m);Motor_X(mm);Motor_Y(mm);Motor_Z(mm);Temps ?tude(s);
Data
28/09/2017 12:21:14;;2727.05;-172.398;56.9973;128.509;84.546;56.9992;31834.4828;31842.7615;-8.27869999999893;5.61337996895114;-0.0817581826122478;149.9997101;150.0020752;1.330730438;10.6413;8.6688;12.00608;0;
28/09/2017 12:21:22;;2726.57;-172.41;56.9973;126.899;84.354;56.9992;31834.4727;31842.7615;-8.28880000000208;5.67586017993088;0.0982533060014248;150.0016785;150.0020447;1.329862118;10.6413;8.6688;12.00707;9;
28/09/2017 12:21:29;;2726.09;-172.434;56.9973;128.717;84.726;56.9992;31834.4594;31842.7615;-8.30210000000079;5.66895447242324;0.0634123727213591;150.0000153;150.0001831;1.330082893;10.6413;8.6688;12.00806;16;
28/09/2017 12:21:35;;2729.67;-172.452;56.9973;129.134;84.57;56.9992;31834.4667;31842.7615;-8.29479999999967;5.69328887027617;0.115673772641458;149.9977722;150.000061;1.329564571;10.6413;8.6688;12.00905;22;
28/09/2017 12:21:41;;2733.48;-172.464;56.9973;129.552;84.54;56.9992;31834.4912;31842.7615;-8.27030000000013;5.67191406135589;0.109866950428113;150.0031433;150.0011749;1.329686165;10.6413;8.6688;12.01003;27;
28/09/2017 12:21:44;;2736.82;-172.476;56.9973;130.267;84.48;56.9992;31834.4836;31842.7615;-8.27790000000095;5.65448537095849;0.104060128214769;149.9982147;150.0009766;1.330370903;10.6413;8.6688;12.01102;30;
28/09/2017 12:21:47;;2740.16;-172.512;56.9973;130.177;84.456;56.9992;31834.4916;31842.7615;-8.26989999999932;5.75544023728043;-0.023689960478805;149.9972839;149.9994507;1.33082819;10.6413;8.6688;12.01201;34;
28/09/2017 12:21:52;;2743.97;-172.554;56.9973;130.893;84.42;56.9992;31834.4909;31842.7615;-8.27059999999983;5.75215180518466;0.0924464837880805;150.0003357;150.0006104;1.329608917;10.6413;8.6688;12.013;38;
28/09/2017 12:21:57;;2747.55;-172.554;56.9973;131.489;84.576;56.9992;31834.4735;31842.7615;-8.28800000000047;5.76004404221007;0.040185083867982;149.9993744;149.9990082;1.330187321;10.6413;8.6688;12.01399;43;
28/09/2017 12:22:01;;2751.6;-172.572;56.9973;132.234;84.486;56.9992;31834.4562;31842.7615;-8.30529999999999;5.75576908048986;0.080832839361392;150.0019379;150.0009155;1.329973221;10.6413;8.6688;12.01498;47;
28/09/2017 12:22:04;;2754.94;-172.608;56.9973;132.264;84.48;56.9992;31834.4852;31842.7615;-8.27630000000136;5.79161299015033;0.0285714394412935;149.9987488;149.9996643;1.329277039;10.6413;8.6688;12.01597;51;
28/09/2017 12:22:09;;2758.04;-172.626;56.9973;133.933;84.138;56.9992;31834.4929;31842.7615;-8.26859999999942;5.66040454883357;-0.087565004825592;150.0018463;149.9992371;1.329378128;10.6413;8.6688;12.01696;55;
28/09/2017 12:22:13;;2760.43;-172.62;56.9973;134.201;84.444;56.9992;31834.494;31842.7615;-8.26750000000175;5.74689031382609;0.00534415058791637;149.9995422;149.9968872;1.329991341;10.6413;8.6688;12.01794;59;
28/09/2017 12:22:16;;2763.29;-172.668;56.9973;134.201;84.51;56.9992;31834.4828;31842.7615;-8.27869999999893;5.69427539991692;0.0111509728012607;149.9997406;150.0008698;1.330176353;10.6413;8.6688;12.01893;63;
28/09/2017 12:22:20;;2766.62;-172.686;56.9973;134.588;84.108;56.9992;31834.4691;31842.7615;-8.29240000000209;5.79555910862342;0.0634123727213591;150.0002441;150.0022278;1.330722332;10.6413;8.6688;12.01992;67;
28/09/2017 12:22:25;;2768.77;-172.698;56.9973;134.916;84.384;56.9992;31834.4787;31842.7615;-8.28280000000086;5.73702501751155;0.0227646172279492;150.0007019;149.9989929;1.330285549;10.6413;8.6688;12.02091;71;
28/09/2017 12:22:28;;2772.82;-172.704;56.9973;135.989;84.624;56.9992;31834.4887;31842.7615;-8.27279999999882;5.75905751258273;-0.122405938105658;149.9984741;149.9985352;1.3303442;10.6413;8.6688;12.0219;75;
28/09/2017 12:22:34;;2771.63;-172.722;56.9973;135.393;84.114;56.9992;31834.4821;31842.7615;-8.27939999999944;5.74064229282943;-0.0643377159722149;150.0016785;149.9990692;1.330760956;10.6413;8.6688;12.02289;80;
28/09/2017 12:22:38;;2777.35;-172.776;56.9973;133.813;85.944;56.9992;31834.4785;31842.7615;-8.28299999999945;5.83140301786808;0.0285714394412935;150.0003815;150.0024109;1.33023262;10.6413;8.6688;12.02388;85;
28/09/2017 12:22:47;;2779.98;-172.8;56.9973;136.674;83.952;56.9992;31834.4901;31842.7615;-8.27140000000145;5.82120887858346;0.0517987282946706;150.0009613;150.0008545;1.329583168;10.6413;8.6688;12.02487;94;
28/09/2017 12:22:51;;2783.07;-172.8;56.9973;136.347;84.258;56.9992;31834.4746;31842.7615;-8.28689999999915;5.73965576319757;0.127287417068146;149.9971924;150.0011444;1.33003664;10.6413;8.6688;12.02585;98;
28/09/2017 12:22:55;;2779.5;-172.776;56.9973;136.674;84.246;56.9992;31834.4856;31842.7615;-8.27590000000055;5.81364548489867;0.115673772641458;150.0001984;149.9992981;1.328903198;10.6413;8.6688;12.02684;102;
28/09/2017 12:22:59;;2787.6;-172.848;56.9973;137.568;84.03;56.9992;31834.4699;31842.7615;-8.29160000000047;5.71071756057149;-0.0411104271188378;149.9994812;150.0001373;1.329372406;10.6413;8.6688;12.02783;105;
28/09/2017 12:23:02;;2790.23;-172.884;56.9973;137.121;83.952;56.9992;31834.4731;31842.7615;-8.28840000000127;5.75576908048986;-0.104985471465625;149.9998016;150.0023651;1.330777168;10.6413;8.6688;12.02882;109;
28/09/2017 12:23:06;;2792.85;-172.878;56.9973;137.419;83.916;56.9992;31834.4917;31842.7615;-8.26980000000185;5.75379602123287;-0.0643377159722149;149.9978638;150.0007782;1.329625607;10.6413;8.6688;12.02981;112;
28/09/2017 12:23:09;;2794.52;-172.896;56.9973;138.433;83.778;56.9992;31834.4871;31842.7615;-8.27440000000206;5.75741329653663;0.1737419947749;149.9988708;150.0021973;1.330259323;10.6413;8.6688;12.0308;116;
28/09/2017 12:23:13;;2797.14;-172.926;56.9973;137.658;83.79;56.9992;31834.4929;31842.7615;-8.26859999999942;5.78043232111904;0.1737419947749;150.0007324;149.9991913;1.329710007;10.6413;8.6688;12.03179;119;
28/09/2017 12:23:17;;2799.29;-172.944;56.9973;138.522;83.922;56.9992;31834.4521;31842.7615;-8.30940000000192;5.8189069761596;0.144707883708179;149.9998474;149.9980927;1.330712795;10.6413;8.6688;12.03278;123;
28/09/2017 12:23:21;;2801.91;-172.974;56.9973;138.641;84.048;56.9992;31834.4692;31842.7615;-8.29230000000098;5.79917638388641;0.0169577950146049;149.9991608;149.9988403;1.329829693;10.6413;8.6688;12.03376;128;
28/09/2017 12:23:26;;2803.82;-172.992;56.9973;139.476;83.76;56.9992;31834.5009;31842.7615;-8.26060000000143;5.76563437676038;-0.0585308937588707;150.0028534;150.0021973;1.329965591;10.6413;8.6688;12.03475;132;
28/09/2017 12:23:29;;2805.49;-173.01;56.9973;140.161;83.736;56.9992;31834.4954;31842.7615;-8.26610000000073;5.77615735942143;0.0634123727213591;150.0006714;149.9999237;1.329713821;10.6413;8.6688;12.03574;135;
28/09/2017 12:23:32;;2807.63;-173.028;56.9973;139.953;83.784;56.9992;31834.508;31842.7615;-8.25349999999889;5.69296002706255;-0.00626949383877218;149.9977264;149.9987183;1.330396175;10.6413;8.6688;12.03673;139;
28/09/2017 12:23:36;;2809.54;-173.022;56.9973;140.28;83.64;56.9992;31834.4943;31842.7615;-8.26720000000205;5.76727859280307;0.0517987282946706;149.9988403;149.9996033;1.330084801;10.6413;8.6688;12.03772;142;
28/09/2017 12:23:40;;2810.97;-173.07;56.9973;139.506;83.64;56.9992;31834.4765;31842.7615;-8.28499999999985;5.67816208243194;0.0343782616546378;149.9971924;149.9998474;1.330171108;10.6413;8.6688;12.03871;146;
28/09/2017 12:23:43;;2813.12;-173.082;56.9973;140.28;83.772;56.9992;31834.4656;31842.7615;-8.29590000000098;5.71959632730435;0.127287417068146;149.9975433;149.9987793;1.330377102;10.6413;8.6688;12.0397;149;
28/09/2017 12:23:46;;2815.26;-173.082;56.9973;140.012;83.862;56.9992;31834.4748;31842.7615;-8.28670000000056;5.64527776092266;-0.0353036049054936;149.9997406;149.9996033;1.329474926;10.6413;8.6688;12.04069;152;
28/09/2017 12:23:49;;2816.22;-173.112;56.9973;140.757;83.592;56.9992;31834.4712;31842.7615;-8.29030000000057;5.74261535209249;0.040185083867982;150.0001221;150.0001221;1.330087185;10.6413;8.6688;12.04167;155;
28/09/2017 12:23:51;;2818.12;-173.136;56.9973;140.549;83.67;56.9992;31834.4855;31842.7615;-8.27600000000166;5.69460424313047;0.0866396615747362;149.9988098;150.0000305;1.329461575;10.6413;8.6688;12.04266;158;
28/09/2017 12:23:56;;2819.31;-173.136;56.9973;141.204;83.7;56.9992;31834.5154;31842.7615;-8.2461000000003;5.68112167136074;-0.087565004825592;149.9998779;149.9976044;1.330042362;10.6413;8.6688;12.04365;163;
28/09/2017 12:23:59;;2821.46;-173.166;56.9973;140.4;83.718;56.9992;31834.5027;31842.7615;-8.25879999999961;5.66632372670435;-0.023689960478805;150.0006714;150.0018921;1.329674721;10.6413;8.6688;12.04464;166;
28/09/2017 12:24:03;;2823.61;-173.16;56.9973;141.383;83.58;56.9992;31834.5159;31842.7615;-8.24560000000201;5.65481421417388;-0.0933718270389363;149.9980927;149.9995422;1.329627037;10.6413;8.6688;12.04563;169;
28/09/2017 12:24:06;;2824.8;-173.202;56.9973;141.473;83.316;56.9992;31834.5135;31842.7615;-8.24799999999959;5.7041406963154;0.13309423928149;149.9989166;149.9997406;1.329583645;10.6413;8.6688;12.04662;172;
28/09/2017 12:24:09;;2826.94;-173.202;56.9973;141.324;83.574;56.9992;31834.4841;31842.7615;-8.27739999999903;5.65119693880391;-0.023689960478805;150.0010071;149.9989777;1.329380989;10.6413;8.6688;12.04761;175;
28/09/2017 12:24:12;;2827.66;-173.226;56.9973;142.247;83.442;56.9992;31834.4562;31842.7615;-8.30529999999999;5.7452460977752;-0.0411104271188378;149.998764;149.9984436;1.329320431;10.6413;8.6688;12.0486;178;
28/09/2017 12:24:22;;2835.77;-173.31;56.9973;142.456;82.74;56.9992;31834.4876;31842.7615;-8.27390000000014;5.65547190060463;0.138901061494835;149.9978638;150.0001068;1.329288483;10.6413;8.6688;12.05361;188;
28/09/2017 12:24:26;;2842.44;-173.382;56.9973;142.396;83.262;56.9992;31834.4986;31842.7615;-8.26290000000154;5.66994100206759;-0.122405938105658;150.0004272;149.9972687;1.33014822;10.6413;8.6688;12.05863;192;
28/09/2017 12:24:30;;2847.92;-173.436;56.9973;145.228;83.352;56.9992;31834.5473;31842.7615;-8.21420000000217;5.62357410866234;-0.0585308937588707;149.9985657;149.9987793;1.330351353;10.6413;8.6688;12.06365;196;
28/09/2017 12:24:34;;2854.12;-173.532;56.9973;145.824;82.878;56.9992;31834.5255;31842.7615;-8.23600000000079;5.59167631664257;-0.0585308937588707;150.0026703;149.9992371;1.329519272;10.6413;8.6688;12.06866;200;
28/09/2017 12:24:38;;2859.85;-173.586;56.9973;146.181;82.83;56.9992;31834.4789;31842.7615;-8.28260000000228;5.56668423214599;0.127287417068146;149.9979706;150.0010376;1.329595566;10.6413;8.6688;12.07368;205;
28/09/2017 12:24:43;;2863.9;-173.67;56.9973;147.612;82.872;56.9992;31834.5017;31842.7615;-8.25979999999981;5.5446517366002;-0.151440049172379;149.999939;150.0007477;1.32961607;10.6413;8.6688;12.0787;209;
28/09/2017 12:24:47;;2866.76;-173.724;56.9973;147.224;82.782;56.9992;31834.5203;31842.7615;-8.24120000000039;5.41870478508146;-0.0353036049054936;150.0007477;150.0021667;1.329753876;10.6413;8.6688;12.08372;214;
28/09/2017 12:24:51;;2871.77;-173.802;56.9973;147.642;82.788;56.9992;31834.4963;31842.7615;-8.26520000000164;5.2516524365443;-0.174667338025756;149.9998474;149.9982758;1.329632759;10.6413;8.6688;12.08873;218;
28/09/2017 12:24:55;;2876.3;-173.856;56.9973;147.373;82.728;56.9992;31834.4991;31842.7615;-8.26239999999962;5.20660091899349;0.25503750576172;149.9963531;149.9978943;1.329501152;10.6413;8.6688;12.09375;221;
28/09/2017 12:24:58;;2878.68;-173.916;56.9973;149.013;82.776;56.9992;31834.5144;31842.7615;-8.2471000000005;4.92017852349381;0.080832839361392;150.0010681;149.9999237;1.329581738;10.6413;8.6688;12.09877;225;
28/09/2017 12:25:03;;2882.5;-173.982;56.9973;149.162;82.578;56.9992;31834.5583;31842.7615;-8.20319999999992;4.57522213631711;0.179548816988245;150.0004425;150.0006104;1.330990314;10.6413;8.6688;12.10378;229;
28/09/2017 12:25:07;;2885.12;-174;56.9973;148.953;82.764;56.9992;31834.5431;31842.7615;-8.21840000000157;4.42362552213267;0.104060128214769;150.0002747;149.9981079;1.330220699;10.6413;8.6688;12.1088;233;
